Del_APP	delta0	nC_APP	p_APP
0	0	9	0.0264430641387372
0.01	0	9	0.0264182200607601
0.02	0	9	0.0263933916020773
0.03	0	9	0.0263685787635268
0.04	0	9	0.0263437815459291
0.05	0	9	0.0263189999500874
0.06	0	9	0.0262942339767873
0.07	0	9	0.0262694836267973
0.08	0	9	0.0262447489008684
0.09	0	9	0.0262200297997343
0.1	0	9	0.0261953263241115
0.11	0	9	0.0261706384746989
0.12	0	9	0.0261459662521785
0.13	0	9	0.0261213096572149
0.14	0	9	0.0260973986404925
0.15	0	9	0.026073541190234
0.16	0	9	0.0260608216180684
0.17	0	9	0.0260687067008976
0.18	0	9	0.0260765913706757
0.19	0	9	0.0260581135142954
0.2	0	9	0.0260583592897148
0.21	0	9	0.0260581768798814
0.22	0	9	0.0260582939922148
0.23	0	9	0.0260581099698588
0.24	0	9	0.0260582481994555
0.25	0	9	0.0260583127945661
0.26	0	9	0.0260580695375031
0.27	0	9	0.0260559110404317
0.28	0	9	0.0260291772032296
0.29	0	9	0.0260314562306382
0.3	0	9	0.0260398948474558
0.31	0	9	0.0260484050676219
0.32	0	9	0.0260569141544891
0.33	0	9	0.0260654220981072
0.34	0	9	0.0260249662044689
0.35	0	9	0.0260249529405598
0.36	0	9	0.0260250765906043
0.37	0	9	0.0260140540801941
0.38	0	9	0.0260097248307116
0.39	0	9	0.0259873633809447
0.4	0	9	0.0259650216391531
0.41	0	9	0.0259426995913172
0.42	0	9	0.0259203972234231
0.43	0	9	0.0258981145214633
0.44	0	9	0.0258758514714357
0.45	0	9	0.0258536080593443
0.46	0	9	0.0258313842711992
0.47	0	9	0.0258091800930161
0.48	0	9	0.0257878925238469
0.49	0	9	0.0257666321630344
0.5	0	9	0.0257672748552727
0.51	0	9	0.0257755444444594
0.52	0	9	0.0257838197964885
0.53	0	9	0.0257921009108947
0.54	0	9	0.0258003877872045
0.55	0	9	0.0258086804249375
0.56	0	9	0.0257996121675302
0.57	0	9	0.0257727473299575
0.58	0	9	0.0257459047576313
0.59	0	9	0.0257190844397594
0.6	0	9	0.0256922863655449
0.61	0	9	0.0256655105241856
0.62	0	9	0.0256387569048747
0.63	0	9	0.0256120254968004
0.64	0	9	0.0255853162891463
0.65	0	9	0.0255588712028502
0.66	0	9	0.0255329859583924
0.67	0	9	0.0255071224772381
0.68	0	9	0.0254812807487678
0.69	0	9	0.025464245980913
0.7	0	9	0.0254728293013088
0.71	0	9	0.0254814161373994
0.72	0	9	0.0254900064837523
0.73	0	9	0.0254986003349225
0.74	0	9	0.0254861299264874
0.75	0	9	0.025460121406437
0.76	0	9	0.0254341330936004
0.77	0	9	0.0254081649808274
0.78	0	9	0.0253822170609582
0.79	0	9	0.0253562893268236
0.8	0	9	0.0253303817712447
0.81	0	9	0.0253048114106347
0.82	0	9	0.0252794397133481
0.83	0	9	0.0252541608493958
0.84	0	9	0.0252289032649811
0.85	0	9	0.0252036650003783
0.86	0	9	0.0251784460486909
0.87	0	9	0.0251532464030134
0.88	0	9	0.0251280660564315
0.89	0	9	0.025116394980963
0.9	0	9	0.0251124639605506
0.91	0	9	0.0251086926949496
0.92	0	9	0.0251049106127586
0.93	0	9	0.0251011177169497
0.94	0	9	0.0250973140105145
0.95	0	9	0.0250786533105947
0.96	0	9	0.0250565230632935
0.97	0	9	0.0250416915048673
0.98	0	9	0.0250345235378063
0.99	0	9	0.0250273462891093
1	0	9	0.025020159766743
1.01	0	9	0.0250129639786891
1.02	0	9	0.0249866519542449
1.03	0	9	0.0249601873019599
1.04	0	9	0.0249337451424188
1.05	0	9	0.0249073254637437
1.06	0	9	0.0248809282540537
1.07	0	9	0.0248545535014649
1.08	0	9	0.0248282011940902
1.09	0	9	0.0248018713200397
1.1	0	9	0.0247755638674203
1.11	0	9	0.024749278824336
1.12	0	9	0.0247230161788877
1.13	0	9	0.0246967759191735
1.14	0	9	0.0246705580332885
1.15	0	9	0.0246443625093248
1.16	0	9	0.0246181893353717
1.17	0	9	0.0245920384995154
1.18	0	9	0.0245659099898396
1.19	0	9	0.0245419769381787
1.2	0	9	0.0245196473441338
1.21	0	9	0.0244973550119008
1.22	0	9	0.0244952419976804
1.23	0	9	0.0245018674333435
1.24	0	9	0.024508498434156
1.25	0	9	0.0245151350023488
1.26	0	9	0.0244987445923233
1.27	0	9	0.024472671921083
1.28	0	9	0.0244466215927889
1.29	0	9	0.0244205935953689
1.3	0	9	0.0243945879167486
1.31	0	9	0.024368604544851
1.32	0	9	0.0243426434675964
1.33	0	9	0.0243167046729027
1.34	0	9	0.024290788148685
1.35	0	9	0.0242648938828562
1.36	0	9	0.0242390218633266
1.37	0	9	0.0242131720780039
1.38	0	9	0.0241878146740764
1.39	0	9	0.0241625169528369
1.4	0	9	0.0241372408582576
1.41	0	9	0.0241348543016869
1.42	0	9	0.0241325771670016
1.43	0	9	0.024130685130687
1.44	0	9	0.0241287826583934
1.45	0	9	0.0241268697498074
1.46	0	9	0.0241249464046345
1.47	0	9	0.0241230126225993
1.48	0	9	0.0241210684034453
1.49	0	9	0.0241191137469351
1.5	0	9	0.0241172663102024
1.51	0	9	0.0241156769239294
1.52	0	9	0.0241140772503169
1.53	0	9	0.0241124672886916
1.54	0	9	0.0241108470383988
1.55	0	9	0.0241071353872503
1.56	0	9	0.0240822938728897
1.57	0	9	0.0240777029481282
1.58	0	9	0.0240841533780618
1.59	0	9	0.0240848439641322
1.6	0	9	0.0240623911132095
1.61	0	9	0.0240404870353037
1.62	0	9	0.0240187181607662
1.63	0	9	0.0239969684784723
1.64	0	9	0.0239763524736348
1.65	0	9	0.0239759856025367
1.66	0	9	0.0239756095408492
1.67	0	9	0.0239752242843415
1.68	0	9	0.0239732565156213
1.69	0	9	0.0239541113163453
1.7	0	9	0.0239352772404599
1.71	0	9	0.0239164598174635
1.72	0	9	0.0238976590351755
1.73	0	9	0.0238788748814222
1.74	0	9	0.0238601073440365
1.75	0	9	0.0238413564108585
1.76	0	9	0.0238226220697347
1.77	0	9	0.0238039043085184
1.78	0	9	0.0237908649343956
1.79	0	9	0.0237820916755507
1.8	0	9	0.0237565849518331
1.81	0	9	0.0237311007331003
1.82	0	9	0.0237092672271686
1.83	0	9	0.0236902190699089
1.84	0	9	0.0236711881771936
1.85	0	9	0.0236521745363335
1.86	0	9	0.0236331781346456
1.87	0	9	0.0236141989594537
1.88	0	9	0.023595236998088
1.89	0	9	0.0235762922378854
1.9	0	9	0.0235573646661889
1.91	0	9	0.0235384542703484
1.92	0	9	0.0235195610377202
1.93	0	9	0.023500684955667
1.94	0	9	0.0234818260115582
1.95	0	9	0.0234629841927696
1.96	0	9	0.0234441594866836
1.97	0	9	0.0234253518806891
1.98	0	9	0.0234065613621814
1.99	0	9	0.0233877879185625
2	0	9	0.023369031537241
2.01	0	9	0.0233502922056318
2.02	0	9	0.0233315699111563
2.03	0	9	0.0233128646412429
2.04	0	9	0.0232941763833259
2.05	0	9	0.0232755051248467
2.06	0	9	0.0232572680512501
2.07	0	9	0.0232390669910253
2.08	0	9	0.0232208821252612
2.09	0	9	0.0232027134419964
2.1	0	9	0.0231845609292767
2.11	0	9	0.0231664245751544
2.12	0	9	0.023148304367689
2.13	0	9	0.0231302002949466
2.14	0	9	0.0231121123450004
2.15	0	9	0.0230940405059304
2.16	0	9	0.0230759847658233
2.17	0	9	0.0230579451127729
2.18	0	9	0.0230399215348798
2.19	0	9	0.0230219140202514
2.2	0	9	0.0230063690617699
2.21	0	9	0.0229910685719593
2.22	0	9	0.0229694171074257
2.23	0	10	0.0232149553504529
2.24	0	10	0.0232071057195079
2.25	0	10	0.0231992473917166
2.26	0	10	0.0231913803762348
2.27	0	10	0.0231835046822343
2.28	0	10	0.023175620318903
2.29	0	10	0.0231529379302917
2.3	0	10	0.0231299303094977
2.31	0	10	0.0231069443900856
2.32	0	10	0.0230839801554412
2.33	0	10	0.0230610375889577
2.34	0	10	0.0230381166740353
2.35	0	10	0.023015217394082
2.36	0	10	0.0229923397325127
2.37	0	10	0.0229694836727498
2.38	0	10	0.0229466491982229
2.39	0	10	0.022924286147373
2.4	0	10	0.0229019814138298
2.41	0	10	0.022879697432189
2.42	0	10	0.0228574341863179
2.43	0	10	0.0228351916600916
2.44	0	10	0.0228129698373928
2.45	0	10	0.0227907687021118
2.46	0	10	0.0227810604696616
2.47	0	10	0.0227786230922174
2.48	0	10	0.0227655036704074
2.49	0	10	0.0227638655845827
2.5	0	10	0.0227629862951632
2.51	0	10	0.0227620974735988
2.52	0	10	0.0227611991160178
2.53	0	10	0.0227602912185675
2.54	0	10	0.0227588339197724
2.55	0	10	0.0227561705793189
2.56	0	10	0.0227534970979474
2.57	0	10	0.0227508134761301
2.58	0	10	0.0227481197143606
2.59	0	10	0.0227454158131534
2.6	0	10	0.0227427017730446
2.61	0	10	0.0227399775945913
2.62	0	10	0.022737243278372
2.63	0	10	0.0227329945142361
2.64	0	10	0.0227088647536346
2.65	0	10	0.0226847547376154
2.66	0	10	0.0226606644594807
2.67	0	10	0.022636593912521
2.68	0	10	0.0226125430900154
2.69	0	10	0.0225885119852308
2.7	0	10	0.0225645005914229
2.71	0	10	0.0225405089018354
2.72	0	10	0.0225165369097007
2.73	0	10	0.0224925846082393
2.74	0	10	0.0224690816124184
2.75	0	10	0.0224600301792422
2.76	0	10	0.0224509918585758
2.77	0	10	0.0224419666440863
2.78	0	10	0.0224329545294511
2.79	0	10	0.0224239555083573
2.8	0	10	0.0224149695745017
2.81	0	10	0.0224059967215913
2.82	0	10	0.0223873901133612
2.83	0	10	0.0223618706381238
2.84	0	10	0.0223363748527348
2.85	0	10	0.0223109027427209
2.86	0	10	0.0222854542936076
2.87	0	10	0.0222600294909191
2.88	0	10	0.0222346283201778
2.89	0	10	0.0222092507669054
2.9	0	10	0.0221838968166217
2.91	0	10	0.0221585664548452
2.92	0	10	0.0221332596670935
2.93	0	10	0.0221079764388825
2.94	0	10	0.0220827167557269
2.95	0	10	0.0220575927422558
2.96	0	10	0.0220327547890035
2.97	0	10	0.0220079396523189
2.98	0	10	0.0219831473181899
2.99	0	10	0.0219583777726031
3	0	10	0.0219336310015451
3.01	0	10	0.0219132607645281
3.02	0	10	0.0219039093220707
3.03	0	10	0.0218945510262694
3.04	0	10	0.0218851858885447
3.05	0	10	0.0218758139203273
3.06	0	10	0.021866551895807
3.07	0	10	0.0218575759618775
3.08	0	10	0.0218485929624412
3.09	0	10	0.021839602909177
3.1	0	10	0.021830605813774
3.11	0	10	0.0218216016879319
3.12	0	10	0.0218125905433602
3.13	0	10	0.0217941465309985
3.14	0	10	0.0217727793107178
3.15	0	10	0.0217514261503141
3.16	0	10	0.0217300870516088
3.17	0	10	0.0217089453956867
3.18	0	10	0.0217025394015081
3.19	0	10	0.0217035810126926
3.2	0	10	0.0217046567051417
3.21	0	10	0.0217057238786351
3.22	0	10	0.0217067825267937
3.23	0	10	0.0217078326432534
3.24	0	10	0.0217039136237267
3.25	0	10	0.0216948123058403
3.26	0	10	0.0216857041342135
3.27	0	10	0.0216633150547069
3.28	0	10	0.0216389016822975
3.29	0	10	0.0216145112428253
3.3	0	10	0.0215901437221652
3.31	0	10	0.0215701968972693
3.32	0	10	0.0215464568784946
3.33	0	10	0.0215227369517148
3.34	0	10	0.0214990371086914
3.35	0	10	0.0214753573411762
3.36	0	10	0.0214649179254151
3.37	0	10	0.0214518731767012
3.38	0	10	0.0214279804566466
3.39	0	10	0.0214041085310758
3.4	0	10	0.0213802573902907
3.41	0	10	0.021356427024585
3.42	0	10	0.0213326174242446
3.43	0	10	0.0213088285795478
3.44	0	10	0.0212850604807647
3.45	0	10	0.0212613131181578
3.46	0	10	0.0212375864819816
3.47	0	10	0.021213880562483
3.48	0	10	0.021190195349901
3.49	0	10	0.0211665339982308
3.5	0	10	0.0211432648088674
3.51	0	10	0.0211242691082834
3.52	0	10	0.0211004624287384
3.53	0	10	0.0210766770136724
3.54	0	10	0.0210529128520897
3.55	0	10	0.0210490197525786
3.56	0	10	0.0210560972435538
3.57	0	10	0.0210632253209662
3.58	0	10	0.0210686895220896
3.59	0	10	0.0210603020198524
3.6	0	10	0.0210519069331315
3.61	0	10	0.0210435042733069
3.62	0	10	0.0210350940517699
3.63	0	10	0.0210266762799226
3.64	0	10	0.0210182509691781
3.65	0	10	0.0210098181309602
3.66	0	10	0.0210013777767038
3.67	0	10	0.0209813635603442
3.68	0	10	0.020960330260877
3.69	0	10	0.0209393168000649
3.7	0	10	0.0209183231623617
3.71	0	10	0.0208973493322287
3.72	0	10	0.0208866494190094
3.73	0	10	0.0208797562201281
3.74	0	10	0.0208728549500139
3.75	0	10	0.0208659456165842
3.76	0	10	0.0208590282277719
3.77	0	10	0.0208521027915255
3.78	0	10	0.0208451693158091
3.79	0	10	0.0208382278086024
3.8	0	10	0.0208312782779003
3.81	0	10	0.0208243207317137
3.82	0	10	0.0208173551780685
3.83	0	10	0.0208103816250062
3.84	0	10	0.0208035890436699
3.85	0	10	0.0207973106993616
3.86	0	10	0.0207910238902874
3.87	0	10	0.0207847286247673
3.88	0	10	0.0207784249111361
3.89	0	10	0.0207689504929544
3.9	0	10	0.0207487930180111
3.91	0	10	0.0207286489875706
3.92	0	10	0.0207085184031035
3.93	0	10	0.0206957164372617
3.94	0	10	0.0207024059784512
3.95	0	10	0.0207090964990614
3.96	0	10	0.0206972826013441
3.97	0	10	0.0206737561329774
3.98	0	10	0.0206502510670363
3.99	0	10	0.0206267673916842
4	0	10	0.0206033050950805
4.01	0	10	0.0205798641653798
4.02	0	10	0.0205564445907327
4.03	0	10	0.0205330463592853
4.04	0	10	0.0205096694591794
4.05	0	10	0.0204863138785526
4.06	0	10	0.0204629796055383
4.07	0	10	0.0204396666282656
4.08	0	10	0.0204163749348595
4.09	0	10	0.0203931045134404
4.1	0	10	0.0203698553521251
4.11	0	10	0.0203466274390258
4.12	0	10	0.0203234207622508
4.13	0	10	0.0203002353099042
4.14	0	10	0.0202770710700861
4.15	0	10	0.0202539280308924
4.16	0	10	0.0202308061804149
4.17	0	10	0.0202077055067416
4.18	0	10	0.0201846259979561
4.19	0	10	0.0201615676421385
4.2	0	10	0.0201385304273644
4.21	0	10	0.0201155143417058
4.22	0	10	0.0200925193732307
4.23	0	10	0.0200699349971527
4.24	0	10	0.0200494746155954
4.25	0	10	0.0200290282390247
4.26	0	10	0.0200137522306115
4.27	0	10	0.0200099195195353
4.28	0	10	0.0200060778649598
4.29	0	10	0.0200022272697057
4.3	0	10	0.0199983677366127
4.31	0	10	0.0199944992685385
4.32	0	10	0.019982204709963
4.33	0	10	0.0199590019756421
4.34	0	10	0.01993618567053
4.35	0	10	0.0199137020801599
4.36	0	10	0.019891240343738
4.37	0	10	0.0198808930090716
4.38	0	10	0.0198869122245897
4.39	0	10	0.019892936331871
4.4	0	10	0.019891255225627
4.41	0	10	0.0198721948974081
4.42	0	10	0.0198531529951679
4.43	0	10	0.0198341295040716
4.44	0	10	0.0198151244092919
4.45	0	10	0.0197961376960096
4.46	0	10	0.0197735363739231
4.47	0	10	0.0197505892319674
4.48	0	10	0.0197276638551513
4.49	0	10	0.019704760229754
4.5	0	10	0.019681878342054
4.51	0	10	0.0196590181783283
4.52	0	10	0.0196362260178169
4.53	0	10	0.0196141471328336
4.54	0	10	0.0195920893707101
4.55	0	10	0.0195700527178841
4.56	0	10	0.019551789950565
4.57	0	10	0.0195577339942881
4.58	0	10	0.0195538728842919
4.59	0	10	0.0195351423514197
4.6	0	10	0.0195164299697724
4.61	0	10	0.0194977357246797
4.62	0	10	0.0194790596014788
4.63	0	10	0.019460401585515
4.64	0	10	0.0194417616621411
4.65	0	10	0.0194231398167179
4.66	0	10	0.0194045360346139
4.67	0	10	0.0193859503012055
4.68	0	11	0.0191800095955094
4.69	0	11	0.019163727248412
4.7	0	11	0.0191474617253754
4.71	0	11	0.0191312916895171
4.72	0	11	0.0191155528272406
4.73	0	11	0.0190958502929581
4.74	0	11	0.0190730857985266
4.75	0	11	0.0190503436265092
4.76	0	11	0.0190276237620886
4.77	0	11	0.0190155583867811
4.78	0	11	0.0190114052789333
4.79	0	11	0.0190045727782929
4.8	0	11	0.0189884753384623
4.81	0	11	0.0189727512742961
4.82	0	11	0.018957425162998
4.83	0	11	0.0189421150919092
4.84	0	11	0.0189452673947595
4.85	0	11	0.018951159222835
4.86	0	11	0.0189429625324211
4.87	0	11	0.0189199110462038
4.88	0	11	0.0188968829019442
4.89	0	11	0.0188738780833034
4.9	0	11	0.0188508965739434
4.91	0	11	0.0188279383575271
4.92	0	11	0.0188050034177182
4.93	0	11	0.0187843500469254
4.94	0	11	0.0187684775882729
4.95	0	11	0.0187526216047678
4.96	0	11	0.0187367820824003
4.97	0	11	0.0187149719759212
4.98	0	11	0.0186930077223652
4.99	0	11	0.0186711858956968
5	0	11	0.0186496255695828
5.01	0	11	0.0186320129839287
5.02	0	11	0.0186233294364156
5.03	0	11	0.0186146582686843
5.04	0	11	0.0186059994734689
5.05	0	11	0.0185958140288411
5.06	0	11	0.0185806090809949
5.07	0	11	0.018565689553234
5.08	0	11	0.0185507858270216
5.09	0	11	0.0185566365651295
5.1	0	11	0.0185565051053105
5.11	0	11	0.0185480894213741
5.12	0	11	0.0185356175787842
5.13	0	11	0.0185161411132738
5.14	0	11	0.0184966845704775
5.15	0	11	0.0184772479333802
5.16	0	11	0.0184578311849764
5.17	0	11	0.01843843430827
5.18	0	11	0.0184190572862743
5.19	0	11	0.0183997001020121
5.2	0	11	0.0183803627385158
5.21	0	11	0.0183610451788271
5.22	0	11	0.0183417474059972
5.23	0	11	0.0183224694030867
5.24	0	11	0.0183055414222567
5.25	0	11	0.0182902485414532
5.26	0	11	0.0182749716289938
5.27	0	11	0.0182597106711521
5.28	0	11	0.0182444656542119
5.29	0	11	0.0182292365644666
5.3	0	11	0.0182140233882198
5.31	0	11	0.0181988261117845
5.32	0	11	0.0181836447214838
5.33	0	11	0.0181684792036507
5.34	0	11	0.0181533295446279
5.35	0	11	0.0181381957307679
5.36	0	11	0.0181232323340929
5.37	0	11	0.0181085271078357
5.38	0	11	0.0180938369632366
5.39	0	11	0.0180791618871765
5.4	0	11	0.0180655339626156
5.41	0	11	0.018063057931803
5.42	0	11	0.0180689124983566
5.43	0	11	0.0180747708854565
5.44	0	11	0.0180806330936397
5.45	0	11	0.0180864991234386
5.46	0	11	0.0180923689753805
5.47	0	11	0.0180846256715746
5.48	0	11	0.0180631209864411
5.49	0	11	0.018041637069134
5.5	0	11	0.0180321753805276
5.51	0	11	0.0180187313882503
5.52	0	11	0.0179995415414709
5.53	0	11	0.017980371386012
5.54	0	11	0.017961220905065
5.55	0	11	0.0179420900818306
5.56	0	11	0.0179229788995184
5.57	0	11	0.0179038873413477
5.58	0	11	0.0178848153905465
5.59	0	11	0.0178659251785947
5.6	0	11	0.0178473780713024
5.61	0	11	0.0178288497562624
5.62	0	11	0.0178227496124081
5.63	0	11	0.0178049501635978
5.64	0	11	0.0177830416742859
5.65	0	11	0.0177641481901809
5.66	0	11	0.0177567425285795
5.67	0	11	0.0177493485866946
5.68	0	11	0.0177395927833033
5.69	0	11	0.0177218388258642
5.7	0	11	0.0177041031050584
5.71	0	11	0.0176863856049915
5.72	0	11	0.0176687876082161
5.73	0	11	0.0176514007082045
5.74	0	11	0.0176340313146666
5.75	0	11	0.0176166794124174
5.76	0	11	0.0175993449862815
5.77	0	11	0.0175908600087592
5.78	0	11	0.0175836151624443
5.79	0	11	0.0175763636284151
5.8	0	11	0.0175691054162146
5.81	0	11	0.0175618405353984
5.82	0	11	0.0175545689955354
5.83	0	11	0.0175472908062072
5.84	0	11	0.0175390629792857
5.85	0	11	0.0175221230596394
5.86	0	11	0.0175052005815995
5.87	0	11	0.0174882955298788
5.88	0	11	0.0174714078892
5.89	0	11	0.0174545376442955
5.9	0	11	0.0174376847799074
5.91	0	11	0.0174208492807874
5.92	0	11	0.017404031131697
5.93	0	11	0.0173872303174074
5.94	0	11	0.0173704468226997
5.95	0	11	0.0173536806323643
5.96	0	11	0.017336946712072
5.97	0	11	0.0173202936560618
5.98	0	11	0.0173036577874905
5.99	0	11	0.0172870390912543
6	0	11	0.017270437552259
6.01	0	11	0.0172538531554203
6.02	0	11	0.0172372858856634
6.03	0	11	0.0172207357279234
6.04	0	11	0.0172035920163018
6.05	0	11	0.0171826542239636
6.06	0	11	0.0171617373211821
6.07	0	11	0.0171408412944717
6.08	0	11	0.0171199661303446
6.09	0	11	0.0170991118153102
6.1	0	11	0.0170782783358757
6.11	0	11	0.0170574656785459
6.12	0	11	0.0170366738298233
6.13	0	11	0.017015902776208
6.14	0	11	0.0170004298370787
6.15	0	11	0.0169864382596962
6.16	0	11	0.0169724615192291
6.17	0	11	0.016958499602899
6.18	0	11	0.0169445524979375
6.19	0	11	0.0169306201915853
6.2	0	11	0.0169167026710926
6.21	0	11	0.0169027999237193
6.22	0	11	0.0168889119367345
6.23	0	11	0.0168750386974168
6.24	0	11	0.0168611801930544
6.25	0	11	0.0168473521051204
6.26	0	11	0.0168339533032873
6.27	0	11	0.0168205684638304
6.28	0	11	0.0168071975745012
6.29	0	11	0.0167938406230616
6.3	0	11	0.0167794975144294
6.31	0	11	0.0167636721940333
6.32	0	11	0.016747862976015
6.33	0	11	0.0167386657704668
6.34	0	11	0.0167217496960064
6.35	0	11	0.016701287454757
6.36	0	11	0.0166836009973272
6.37	0	11	0.0166674477666352
6.38	0	11	0.0166513112794243
6.39	0	11	0.0166351915209651
6.4	0	11	0.0166190884765375
6.41	0	11	0.0166030021314306
6.42	0	11	0.0165869324709434
6.43	0	11	0.0165708794803837
6.44	0	11	0.016554843145069
6.45	0	11	0.0165388234503264
6.46	0	11	0.0165228203814919
6.47	0	11	0.0165068339239115
6.48	0	11	0.0164908640629401
6.49	0	11	0.0164749107839422
6.5	0	11	0.0164589740722917
6.51	0	11	0.016443053913372
6.52	0	11	0.0164271502925758
6.53	0	11	0.0164112631953051
6.54	0	11	0.0163953926069716
6.55	0	12	0.0162425040587215
6.56	0	12	0.0162216288003937
6.57	0	12	0.016200775534584
6.58	0	12	0.0161799442459933
6.59	0	12	0.0161591349193202
6.6	0	12	0.0161383475392619
6.61	0	12	0.0161177080388672
6.62	0	12	0.0160973076007366
6.63	0	12	0.0160769283731537
6.64	0	12	0.0160565703413467
6.65	0	12	0.0160362334905421
6.66	0	12	0.0160159178059652
6.67	0	12	0.0159956232728397
6.68	0	12	0.0159782620265039
6.69	0	12	0.0159741026684372
6.7	0	12	0.0159699353870898
6.71	0	12	0.0159657601861592
6.72	0	12	0.0159453053427642
6.73	0	12	0.0159251314834591
6.74	0	12	0.0159080292253039
6.75	0	12	0.0159101779830302
6.76	0	12	0.0159125476764022
6.77	0	12	0.0159149200680177
6.78	0	12	0.0159172951599006
6.79	0	12	0.0159196729540759
6.8	0	12	0.0159220534525701
6.81	0	12	0.0159244366574108
6.82	0	12	0.0159240920070701
6.83	0	12	0.0159202789551756
6.84	0	12	0.0159027065864091
6.85	0	12	0.0158843234618013
6.86	0	12	0.0158705832756818
6.87	0	12	0.0158619492458497
6.88	0	12	0.0158458927221651
6.89	0	12	0.0158298535175657
6.9	0	12	0.0158138316161769
6.91	0	12	0.0157978270021349
6.92	0	12	0.0157818396595864
6.93	0	12	0.0157658695726887
6.94	0	12	0.0157499167256095
6.95	0	12	0.0157339811025273
6.96	0	12	0.0157180626876309
6.97	0	12	0.0157021614651201
6.98	0	12	0.0156832709740865
6.99	0	12	0.0156630984102543
7	0	12	0.0156429468202019
7.01	0	12	0.0156228161901989
7.02	0	12	0.0156027065065106
7.03	0	12	0.0155826177553981
7.04	0	12	0.0155625617165075
7.05	0	12	0.0155431110637588
7.06	0	12	0.0155411713301874
7.07	0	12	0.0155447952719313
7.08	0	12	0.0155290424112723
7.09	0	12	0.0155133066819498
7.1	0	12	0.0154933597707963
7.11	0	12	0.0154729932990439
7.12	0	12	0.01545264909979
7.13	0	12	0.01543232715585
7.14	0	12	0.0154120274500416
7.15	0	12	0.0153917499651846
7.16	0	12	0.0153719782584081
7.17	0	12	0.015352377118408
7.18	0	12	0.0153533996888005
7.19	0	12	0.0153580828014713
7.2	0	12	0.0153425243799058
7.21	0	12	0.0153269829328166
7.22	0	12	0.0153114584443276
7.23	0	12	0.0152959508985734
7.24	0	12	0.0152804602796999
7.25	0	12	0.0152649865718641
7.26	0	12	0.015249529759234
7.27	0	12	0.0152340898259885
7.28	0	12	0.0152160040641897
7.29	0	12	0.0151960897748772
7.3	0	12	0.0151763415680667
7.31	0	12	0.015156664496779
7.32	0	12	0.0151370086625277
7.33	0	12	0.0151173740496836
7.34	0	12	0.0150977606426179
7.35	0	12	0.0150781684257014
7.36	0	12	0.015058597383305
7.37	0	12	0.0150390474998
7.38	0	12	0.0150195187595575
7.39	0	12	0.0150000111469488
7.4	0	12	0.0149805246463456
7.41	0	12	0.0149640072508593
7.42	0	12	0.0149518057155286
7.43	0	12	0.0149396180631444
7.44	0	12	0.0149274442811145
7.45	0	12	0.0149152843568573
7.46	0	12	0.0149031382778017
7.47	0	12	0.0148911424805981
7.48	0	12	0.0148795316136105
7.49	0	12	0.0148679342867544
7.5	0	12	0.0148563504879722
7.51	0	12	0.0148520003344707
7.52	0	12	0.0148484590723758
7.53	0	12	0.0148305644209577
7.54	0	12	0.0148131321734213
7.55	0	12	0.014797113087007
7.56	0	12	0.014785138224006
7.57	0	12	0.0147732125570865
7.58	0	12	0.0147617222626806
7.59	0	12	0.0147545271203705
7.6	0	12	0.01473982384729
7.61	0	12	0.0147264199852448
7.62	0	12	0.0147146053951608
7.63	0	12	0.0147028043193704
7.64	0	12	0.0146910167455043
7.65	0	12	0.0146792426612044
7.66	0	12	0.0146674820541234
7.67	0	12	0.0146557349119251
7.68	0	12	0.0146440012222841
7.69	0	12	0.0146322809728862
7.7	0	12	0.0146205741514281
7.71	0	12	0.0146091873702388
7.72	0	12	0.0145979915882265
7.73	0	12	0.0145998561519903
7.74	0	12	0.0146042289188447
7.75	0	12	0.0146086010101414
7.76	0	12	0.0145916742266203
7.77	0	12	0.0145725776380404
7.78	0	12	0.0145535020181699
7.79	0	12	0.014534447350886
7.8	0	12	0.014515413620067
7.81	0	12	0.0144964008095931
7.82	0	12	0.0144825967119134
7.83	0	12	0.0144709444852134
7.84	0	12	0.0144593056454375
7.85	0	12	0.0144476801804195
7.86	0	12	0.0144364642854325
7.87	0	12	0.0144254756006176
7.88	0	12	0.0144269138142391
7.89	0	12	0.0144116355168464
7.9	0	12	0.0143956001247659
7.91	0	12	0.0143800579055786
7.92	0	12	0.0143685971037907
7.93	0	12	0.0143571495021891
7.94	0	12	0.0143457150886866
7.95	0	12	0.0143342938512069
7.96	0	12	0.0143228857776846
7.97	0	12	0.0143114908560653
7.98	0	12	0.0143001090743055
7.99	0	12	0.0142891192954623
8	0	12	0.0142781978868672
8.01	0	12	0.0142672097477601
8.02	0	12	0.0142559135330568
8.03	0	12	0.0142446303595871
8.04	0	12	0.0142333602154073
8.05	0	12	0.0142221030885841
8.06	0	12	0.0142108589671955
8.07	0	12	0.0141996278393303
8.08	0	12	0.0141884096930878
8.09	0	12	0.0141772045165787
8.1	0	12	0.0141660122979242
8.11	0	12	0.0141548330252565
8.12	0	12	0.0141436666867185
8.13	0	12	0.0141325132704642
8.14	0	12	0.0141213869508845
8.15	0	12	0.0141105019377288
8.16	0	12	0.0140996292331592
8.17	0	12	0.0140887688259252
8.18	0	12	0.0140739080299611
8.19	0	12	0.0140562012636211
8.2	0	12	0.0140490530113604
8.21	0	12	0.0140375638938136
8.22	0	12	0.0140235074401196
8.23	0	12	0.0140095611504144
8.24	0	12	0.013996087508012
8.25	0	12	0.013995964570402
8.26	0	12	0.0139902679333055
8.27	0	12	0.0139768842697912
8.28	0	13	0.0138097997402734
8.29	0	13	0.0138101742630764
8.3	0	13	0.0138108508892787
8.31	0	13	0.0138115214768189
8.32	0	13	0.0138121860187514
8.33	0	13	0.0138025759965348
8.34	0	13	0.0137887373650866
8.35	0	13	0.0137713819635639
8.36	0	13	0.0137538746625721
8.37	0	13	0.0137363846200045
8.38	0	13	0.0137189118285738
8.39	0	13	0.0137014562809783
8.4	0	13	0.0136840179699022
8.41	0	13	0.0136665968880151
8.42	0	13	0.0136603941638246
8.43	0	13	0.0136640777275085
8.44	0	13	0.0136475225440281
8.45	0	13	0.0136358762623317
8.46	0	13	0.0136260856207868
8.47	0	13	0.0136127451865868
8.48	0	13	0.0136067131390729
8.49	0	13	0.0135895297135612
8.5	0	13	0.0135723624609237
8.51	0	13	0.0135639324944597
8.52	0	13	0.0135593631317203
8.53	0	13	0.0135548039354572
8.54	0	13	0.0135502549011138
8.55	0	13	0.0135457160241461
8.56	0	13	0.0135325251175606
8.57	0	13	0.0135186322953371
8.58	0	13	0.0135047554514458
8.59	0	13	0.01349121478008
8.6	0	13	0.0134777418401611
8.61	0	13	0.013466866029677
8.62	0	13	0.0134622084862811
8.63	0	13	0.0134475338031679
8.64	0	13	0.0134328759984544
8.65	0	13	0.0134182350552182
8.66	0	13	0.0134036109565497
8.67	0	13	0.0133890036855526
8.68	0	13	0.0133744132253432
8.69	0	13	0.0133598395590506
8.7	0	13	0.0133452826698171
8.71	0	13	0.0133307425407977
8.72	0	13	0.0133186310887151
8.73	0	13	0.0133150100390601
8.74	0	13	0.013297268652503
8.75	0	13	0.0132819472064661
8.76	0	13	0.013276525844411
8.77	0	13	0.0132711169398736
8.78	0	13	0.0132657873903204
8.79	0	13	0.0132604514746311
8.8	0	13	0.0132551092003427
8.81	0	13	0.0132479539551516
8.82	0	13	0.0132310851111439
8.83	0	13	0.0132142323833635
8.84	0	13	0.0131973957660727
8.85	0	13	0.0131805752535173
8.86	0	13	0.0131637708399274
8.87	0	13	0.0131469825195165
8.88	0	13	0.0131305341705414
8.89	0	13	0.0131142468066382
8.9	0	13	0.0131185208874151
8.91	0	13	0.013122797685344
8.92	0	13	0.0131080200387707
8.93	0	13	0.0130904490018473
8.94	0	13	0.0130728966161343
8.95	0	13	0.0130553628704174
8.96	0	13	0.0130380268801961
8.97	0	13	0.0130207506026927
8.98	0	13	0.0130034928055987
8.99	0	13	0.012986253477582
9	0	13	0.0129723137694533
9.01	0	13	0.0129642134885522
9.02	0	13	0.0129561243726985
9.03	0	13	0.0129433936602048
9.04	0	13	0.0129284230749943
9.05	0	13	0.0129134695767653
9.06	0	13	0.0129054435743606
9.07	0	13	0.0128995877204364
9.08	0	13	0.012893726163036
9.09	0	13	0.0128850993625158
9.1	0	13	0.0128683195333876
9.11	0	13	0.0128515564551337
9.12	0	13	0.0128348101201352
9.13	0	13	0.01281808052076
9.14	0	13	0.0128013676493624
9.15	0	13	0.0127846714982835
9.16	0	13	0.012767992059851
9.17	0	13	0.0127513293263793
9.18	0	13	0.0127346832901697
9.19	0	13	0.0127180539435102
9.2	0	13	0.0127014412786754
9.21	0	13	0.0126848686722413
9.22	0	13	0.0126684035895054
9.23	0	13	0.0126530932943647
9.24	0	13	0.0126426355698955
9.25	0	13	0.0126321904612636
9.26	0	13	0.0126217579564783
9.27	0	13	0.0126113380435599
9.28	0	13	0.0126010112036921
9.29	0	13	0.0125907092522155
9.3	0	13	0.0125804198138114
9.31	0	13	0.0125701428763583
9.32	0	13	0.0125598784277469
9.33	0	13	0.0125496264558794
9.34	0	13	0.0125393869486703
9.35	0	13	0.012529159894046
9.36	0	13	0.0125189452799447
9.37	0	13	0.0125087430943167
9.38	0	13	0.012498553325124
9.39	0	13	0.0124883759603407
9.4	0	13	0.0124782109879529
9.41	0	13	0.0124680583959583
9.42	0	13	0.0124535754680417
9.43	0	13	0.0124366475888605
9.44	0	13	0.0124197395263857
9.45	0	13	0.0124028506096094
9.46	0	13	0.0123863009118264
9.47	0	13	0.0123838372746183
9.48	0	13	0.0123813669111214
9.49	0	13	0.0123788898219092
9.5	0	13	0.0123764060075745
9.51	0	13	0.0123676651889288
9.52	0	13	0.0123577601948483
9.53	0	13	0.0123481774683297
9.54	0	13	0.0123386066657439
9.55	0	13	0.0123290477755872
9.56	0	13	0.0123195007863672
9.57	0	13	0.01231421117272
9.58	0	13	0.0123183132632664
9.59	0	13	0.0123224180385593
9.6	0	13	0.0123230870251604
9.61	0	13	0.0123111109927975
9.62	0	13	0.0122991489846351
9.63	0	13	0.0122872009864482
9.64	0	13	0.0122752669840244
9.65	0	13	0.0122633469631634
9.66	0	13	0.0122514409096772
9.67	0	13	0.0122395488093902
9.68	0	13	0.0122276706481392
9.69	0	13	0.012215806411773
9.7	0	13	0.0122039560861531
9.71	0	13	0.012192119657153
9.72	0	13	0.0121802971106586
9.73	0	13	0.0121684884325681
9.74	0	13	0.0121566936087919
9.75	0	13	0.0121449126252529
9.76	0	13	0.0121331454678859
9.77	0	13	0.0121213921226384
9.78	0	13	0.0121096525754698
9.79	0	13	0.012097926812352
9.8	0	13	0.0120855466556469
9.81	0	13	0.0120742733928267
9.82	0	13	0.0120624149236649
9.83	0	13	0.0120505703449283
9.84	0	13	0.0120387396426214
9.85	0	13	0.0120269228027603
9.86	0	13	0.0120151198113729
9.87	0	13	0.0120033306544991
9.88	0	13	0.0119915553181905
9.89	0	13	0.0119797937885104
9.9	0	13	0.0119680460515341
9.91	0	13	0.0119563120933486
9.92	0	13	0.0119445919000526
9.93	0	13	0.0119328854577569
9.94	0	13	0.0119211927525837
9.95	0	14	0.0118612206227805
9.96	0	14	0.0118467866309923
9.97	0	14	0.0118295204547703
9.98	0	14	0.0118122752954134
9.99	0	14	0.0117950511347449
10	0	14	0.0117778479545908
10.01	0	14	0.0117606657367801
10.02	0	14	0.0117436873087884
10.03	0	14	0.0117269492801464
10.04	0	14	0.011710230550959
10.05	0	14	0.0116935407071624
10.06	0	14	0.0116806644193085
10.07	0	14	0.0116688227063405
10.08	0	14	0.0116569953668584
10.09	0	14	0.0116451823858049
10.1	0	14	0.011633383748136
10.11	0	14	0.011621599438821
10.12	0	14	0.0116098294428425
10.13	0	14	0.0115980877779139
10.14	0	14	0.0115868210900374
10.15	0	14	0.0115755680973102
10.16	0	14	0.0115686025346784
10.17	0	14	0.01157071277682
10.18	0	14	0.0115728196192687
10.19	0	14	0.0115749230536863
10.2	0	14	0.0115770230717355
10.21	0	14	0.0115648115212098
10.22	0	14	0.0115515348651225
10.23	0	14	0.011538274308525
10.24	0	14	0.0115250298342102
10.25	0	14	0.0115118014249849
10.26	0	14	0.0114985890636707
10.27	0	14	0.0114853927331031
10.28	0	14	0.0114722124161323
10.29	0	14	0.0114590480956228
10.3	0	14	0.0114458997544533
10.31	0	14	0.011432767375517
10.32	0	14	0.0114196509417212
10.33	0	14	0.0114065504359879
10.34	0	14	0.0113917946719868
10.35	0	14	0.011375164294161
10.36	0	14	0.0113585545133005
10.37	0	14	0.0113421487338689
10.38	0	14	0.0113286387631607
10.39	0	14	0.0113256248834328
10.4	0	14	0.0113153448227165
10.41	0	14	0.0113023177557061
10.42	0	14	0.0112893598363768
10.43	0	14	0.0112764176751151
10.44	0	14	0.0112634912549999
10.45	0	14	0.0112505805591248
10.46	0	14	0.0112376855705975
10.47	0	14	0.0112248062725399
10.48	0	14	0.0112119426480884
10.49	0	14	0.0111990946803934
10.5	0	14	0.0111862623526197
10.51	0	14	0.0111734456479463
10.52	0	14	0.0111606445495665
10.53	0	14	0.0111478590406879
10.54	0	14	0.0111350891045323
10.55	0	14	0.0111230233000548
10.56	0	14	0.0111119420130329
10.57	0	14	0.0111008842946748
10.58	0	14	0.0110899062126068
10.59	0	14	0.0110789415962032
10.6	0	14	0.0110680750145216
10.61	0	14	0.011058370414248
10.62	0	14	0.0110460166896874
10.63	0	14	0.0110349786149694
10.64	0	14	0.0110239539903965
10.65	0	14	0.0110129428018973
10.66	0	14	0.011001945035413
10.67	0	14	0.0109909606768974
10.68	0	14	0.0109800214951569
10.69	0	14	0.0109691155922956
10.7	0	14	0.0109582230799359
10.71	0	14	0.0109473439437758
10.72	0	14	0.0109364781695265
10.73	0	14	0.0109256257429127
10.74	0	14	0.0109147866496727
10.75	0	14	0.0109039608755581
10.76	0	14	0.010893148406334
10.77	0	14	0.010882349227779
10.78	0	14	0.0108715633256851
10.79	0	14	0.0108607906858577
10.8	0	14	0.0108500312941157
10.81	0	14	0.0108392851362913
10.82	0	14	0.0108285521982302
10.83	0	14	0.0108178324657915
10.84	0	14	0.0108071259248477
10.85	0	14	0.0107941330333993
10.86	0	14	0.010780144634063
10.87	0	14	0.010766169082394
10.88	0	14	0.0107522063765855
10.89	0	14	0.0107382565148103
10.9	0	14	0.0107243194952202
10.91	0	14	0.0107103953159469
10.92	0	14	0.0106964839751013
10.93	0	14	0.0106825854707741
10.94	0	14	0.0106686998010354
10.95	0	14	0.0106548269639349
10.96	0	14	0.010640966957502
10.97	0	14	0.0106271197797458
10.98	0	14	0.0106132854286551
10.99	0	14	0.0105994639021985
11	0	14	0.0105859827093563
11.01	0	14	0.0105764862543004
11.02	0	14	0.0105773215936325
11.03	0	14	0.0105739849042352
11.04	0	14	0.0105585422387483
11.05	0	14	0.0105431181549227
11.06	0	14	0.0105277126376729
11.07	0	14	0.0105123256719122
11.08	0	14	0.0104969572425531
11.09	0	14	0.010481607334507
11.1	0	14	0.0104662759326846
11.11	0	14	0.0104509630219959
11.12	0	14	0.0104356685873496
11.13	0	14	0.0104203926136541
11.14	0	14	0.0104051499669497
11.15	0	14	0.0103899550944782
11.16	0	14	0.0103747786843646
11.17	0	14	0.0103596207211665
11.18	0	14	0.0103467200855618
11.19	0	14	0.0103348022586724
11.2	0	14	0.0103228990747927
11.21	0	14	0.0103110105180423
11.22	0	14	0.0102979369905058
11.23	0	14	0.0102831228946741
11.24	0	14	0.0102683259423865
11.25	0	14	0.0102535461215629
11.26	0	14	0.0102387834201174
11.27	0	14	0.0102240378259576
11.28	0	14	0.0102093093269854
11.29	0	14	0.0101945979110967
11.3	0	14	0.0101799035661813
11.31	0	14	0.010165226280123
11.32	0	14	0.0101505660407998
11.33	0	15	0.0100633602617201
11.34	0	15	0.0100481999435303
11.35	0	15	0.0100330586300173
11.36	0	15	0.0100179363049149
11.37	0	15	0.0100028329519567
11.38	0	15	0.00998774855487614
11.39	0	15	0.00997268309740611
11.4	0	15	0.0099576365632795
11.41	0	15	0.009942608936229
11.42	0	15	0.00992760019998702
11.43	0	15	0.00991261033828594
11.44	0	15	0.0098976393348581
11.45	0	15	0.00988268717343566
11.46	0	15	0.00986775383775078
11.47	0	15	0.00985444171007354
11.48	0	15	0.00984395093549146
11.49	0	15	0.00984186745597605
11.5	0	15	0.00984281743056904
11.51	0	15	0.00984406914780511
11.52	0	15	0.00984532932918362
11.53	0	15	0.00984642175395414
11.54	0	15	0.00983548198904403
11.55	0	15	0.00983622851726562
11.56	0	15	0.00983832307272905
11.57	0	15	0.00984041532142933
11.58	0	15	0.00984250525563083
11.59	0	15	0.00984459286759575
11.6	0	15	0.00984667814958425
11.61	0	15	0.00984876109385408
11.62	0	15	0.00985084169266101
11.63	0	15	0.00985291993825867
11.64	0	15	0.00985499582289852
11.65	0	15	0.00985025072272713
11.66	0	15	0.0098415184513911
11.67	0	15	0.00983279771746919
11.68	0	15	0.00982408850852098
11.69	0	15	0.00981088953205648
11.7	0	15	0.00979579610424847
11.71	0	15	0.00978072244038761
11.72	0	15	0.00976566852127306
11.73	0	15	0.0097506343277104
11.74	0	15	0.00973561984051175
11.75	0	15	0.00972062504049557
11.76	0	15	0.00970564990848701
11.77	0	15	0.00969069442531759
11.78	0	15	0.00967575857182549
11.79	0	15	0.00966084232885542
11.8	0	15	0.00964594567725876
11.81	0	15	0.00963106859789339
11.82	0	15	0.00961621107162386
11.83	0	15	0.00960137307932152
11.84	0	15	0.00958655460186423
11.85	0	15	0.00957175562013666
11.86	0	15	0.0095569761150302
11.87	0	15	0.00954221606744295
11.88	0	15	0.00952747545827982
11.89	0	15	0.00951275426845254
11.9	0	15	0.00949805247887955
11.91	0	15	0.00948337007048626
11.92	0	15	0.00946870702420484
11.93	0	15	0.00945606003948106
11.94	0	15	0.00944396526239253
11.95	0	15	0.00943188608906481
11.96	0	15	0.00941982250165886
11.97	0	15	0.00940778985957553
11.98	0	15	0.00939588809868526
11.99	0	15	0.00938400175262781
12	0	15	0.0093721308038295
12.01	0	15	0.00936027523473234
12.02	0	15	0.00934843502779416
12.03	0	15	0.00933661016548854
12.04	0	15	0.00932640873589509
12.05	0	15	0.00932086831434048
12.06	0	15	0.00931533694712111
12.07	0	15	0.00930981462651313
12.08	0	15	0.00930430134480531
12.09	0	15	0.00929879709429895
12.1	0	15	0.00929332769180845
12.11	0	15	0.00928810581828038
12.12	0	15	0.00928289276542348
12.13	0	15	0.00927768852601168
12.14	0	15	0.00927249309283126
12.15	0	15	0.00926730645868105
12.16	0	15	0.00926212861637232
12.17	0	15	0.00925695955872875
12.18	0	15	0.00925179927858664
12.19	0	15	0.00924664776879459
12.2	0	15	0.00924169005286383
12.21	0	15	0.00924037519429637
12.22	0	15	0.00923906820208227
12.23	0	15	0.00923776907545735
12.24	0	15	0.00923647781367099
12.25	0	15	0.0092351944159858
12.26	0	15	0.00923391888167797
12.27	0	15	0.00923265121003707
12.28	0	15	0.00923139140036611
12.29	0	15	0.00923013945198151
12.3	0	15	0.00922889536421322
12.31	0	15	0.00922765913640454
12.32	0	15	0.00922643076791229
12.33	0	15	0.0092252102581067
12.34	0	15	0.00922399760637146
12.35	0	15	0.00922279281210373
12.36	0	15	0.00922159587471417
12.37	0	15	0.00922040679362684
12.38	0	15	0.0092192255682793
12.39	0	15	0.00921805219812261
12.4	0	15	0.00921688668262124
12.41	0	15	0.00921572902125326
12.42	0	15	0.00921457921351008
12.43	0	15	0.0092087627938269
12.44	0	15	0.00919787205508622
12.45	0	15	0.00918460524971765
12.46	0	15	0.00917135365877699
12.47	0	15	0.00915811727332953
12.48	0	15	0.00914489608442893
12.49	0	15	0.00913169008311728
12.5	0	15	0.00911849926042517
12.51	0	15	0.00910532360737167
12.52	0	15	0.00909216311496446
12.53	0	15	0.00907901777419973
12.54	0	15	0.00906834107559865
12.55	0	15	0.00906345342595032
12.56	0	15	0.00906451103785236
12.57	0	15	0.00906602037090058
12.58	0	15	0.00906752645640933
12.59	0	15	0.00906902928756322
12.6	0	15	0.00906996071903537
12.61	0	15	0.00905874423100248
12.62	0	15	0.00904754229518788
12.63	0	15	0.00903635489487918
12.64	0	15	0.00902518201337942
12.65	0	15	0.00901451809350513
12.66	0	15	0.0090095098633425
12.67	0	15	0.00900451024466293
12.68	0	15	0.00899951923049766
12.69	0	15	0.00899453681389018
12.7	0	15	0.00898473442582187
12.71	0	15	0.00897113120702516
12.72	0	15	0.00895754486456713
12.73	0	15	0.00894397538486585
12.74	0	15	0.00893042275433598
12.75	0	15	0.00891688695938885
12.76	0	15	0.0089033679864323
12.77	0	15	0.00888986582187097
12.78	0	15	0.00887638045210605
12.79	0	15	0.00886291186353561
12.8	0	15	0.00884946004255443
12.81	0	16	0.00876534446904088
12.82	0	16	0.0087525167794467
12.83	0	16	0.00873970323098784
12.84	0	16	0.00872690381759221
12.85	0	16	0.00871411853316998
12.86	0	16	0.00870134737161342
12.87	0	16	0.00868859032679703
12.88	0	16	0.0086758473925776
12.89	0	16	0.00866311856279429
12.9	0	16	0.00865040383126853
12.91	0	16	0.00863770319180427
12.92	0	16	0.00862501663818782
12.93	0	16	0.00861234416418813
12.94	0	16	0.00859968576355658
12.95	0	16	0.00858704143002726
12.96	0	16	0.00857441115731683
12.97	0	16	0.00856179493912474
12.98	0	16	0.00854928885928915
12.99	0	16	0.00853681391833635
13	0	16	0.00852435288886658
13.01	0	16	0.00851190576470292
13.02	0	16	0.00849947253965141
13.03	0	16	0.00848705320750084
13.04	0	16	0.00847464776202311
13.05	0	16	0.00846225619697298
13.06	0	16	0.00844987850608828
13.07	0	16	0.00843751468308998
13.08	0	16	0.00842516472168216
13.09	0	16	0.00841282861555202
13.1	0	16	0.00840050635837007
13.11	0	16	0.00838819794379006
13.12	0	16	0.0083814118325358
13.13	0	16	0.00837419574121726
13.14	0	16	0.00836069116389913
13.15	0	16	0.00834720488970826
13.16	0	16	0.00833373690074831
13.17	0	16	0.00832028717912691
13.18	0	16	0.0083068557069557
13.19	0	16	0.00829376814161277
13.2	0	16	0.00829048637946802
13.21	0	16	0.0082872125607915
13.22	0	16	0.00828394668112475
13.23	0	16	0.00828068873602197
13.24	0	16	0.00827752231460853
13.25	0	16	0.00827101756728422
13.26	0	16	0.00825803318936374
13.27	0	16	0.00824506567618767
13.28	0	16	0.00823211501331415
13.29	0	16	0.0082191811862987
13.3	0	16	0.00820626418069425
13.31	0	16	0.00819336398205106
13.32	0	16	0.00818048057591695
13.33	0	16	0.00816761394783724
13.34	0	16	0.00815476408335464
13.35	0	16	0.00814193096800971
13.36	0	16	0.00813197821078107
13.37	0	16	0.00812376910220612
13.38	0	16	0.00811557111496736
13.39	0	16	0.00810738423617362
13.4	0	16	0.00809920845294805
13.41	0	16	0.00809104375242776
13.42	0	16	0.00808289012176424
13.43	0	16	0.00807474754812288
13.44	0	16	0.00806661601868338
13.45	0	16	0.00805849552063951
13.46	0	16	0.00805038604119916
13.47	0	16	0.00804228756758423
13.48	0	16	0.00803353218096438
13.49	0	16	0.00802184995096634
13.5	0	16	0.0080101801022039
13.51	0	16	0.0079985226310019
13.52	0	16	0.00798687753366515
13.53	0	16	0.00797524480647858
13.54	0	16	0.00796362444570722
13.55	0	16	0.00795203840217011
13.56	0	16	0.00794058890138124
13.57	0	16	0.00792915158105692
13.58	0	16	0.00791772643747979
13.59	0	16	0.0079063134669132
13.6	0	16	0.00789491266560133
13.61	0	16	0.00788352402976917
13.62	0	16	0.00787214755562259
13.63	0	16	0.0078607832393484
13.64	0	16	0.00784943107711434
13.65	0	16	0.0078380910650692
13.66	0	16	0.00782676319934275
13.67	0	16	0.00781544747604593
13.68	0	16	0.00780414389127082
13.69	0	16	0.00779354609229242
13.7	0	16	0.0077868028261772
13.71	0	16	0.00778006907193289
13.72	0	16	0.0077733448192246
13.73	0	16	0.00776078645120951
13.74	0	16	0.00774810502811289
13.75	0	16	0.00773565686123037
13.76	0	16	0.00773342022840989
13.77	0	16	0.00773352185687042
13.78	0	16	0.0077333744113456
13.79	0	16	0.00772668292532692
13.8	0	16	0.00772000099455972
13.81	0	16	0.0077133286084645
13.82	0	16	0.00770666575647488
13.83	0	16	0.00770001242803766
13.84	0	16	0.00769339116176588
13.85	0	16	0.00768678949426104
13.86	0	16	0.00768019718492102
13.87	0	16	0.00767361422359884
13.88	0	16	0.00766704060016008
13.89	0	16	0.00766047630448273
13.9	0	16	0.00765392132645731
13.91	0	16	0.00764737565598668
13.92	0	16	0.00764083928298626
13.93	0	16	0.00763431219738383
13.94	0	16	0.00762779438911969
13.95	0	16	0.00762128584814644
13.96	0	16	0.00761478656442923
13.97	0	16	0.00760829652794552
13.98	0.0537191887625095	16	0.00799126971456279
13.99	0.0569522911774557	16	0.00802106732570641
14	0	17	0.00743170567955163
14.01	0	17	0.00741945477324448
14.02	0	17	0.00741620418747016
14.03	0	17	0.00741561420589688
14.04	0	17	0.00741503161873613
14.05	0	17	0.00741445642627892
14.06	0	17	0.0074108993552224
14.07	0	17	0.00740041707096143
14.08	0	17	0.00739012220700833
14.09	0	17	0.00737986402810784
14.1	0	17	0.0073696154423552
14.11	0	17	0.00735937645116865
14.12	0	17	0.00734914705594136
14.13	0	17	0.00733892725804153
14.14	0	17	0.00732871705881245
14.15	0	17	0.00731851645957244
14.16	0	17	0.00730832546161498
14.17	0	17	0.00730020027163701
14.18	0	17	0.00728850359444547
14.19	0	17	0.00727740399443795
14.2	0	17	0.00726706265316893
14.21	0	17	0.00725673109940094
14.22	0	17	0.0072464093341755
14.23	0	17	0.00723609735850889
14.24	0	17	0.00722579517339227
14.25	0	17	0.00721550277979167
14.26	0	17	0.00720522017864801
14.27	0	17	0.00719494737087719
14.28	0	17	0.00718473035298898
14.29	0	17	0.00717457487668951
14.3	0	17	0.0071639025064562
14.31	0	17	0.00715214015069217
14.32	0	17	0.00714322353147494
14.33	0	17	0.00713400406023184
14.34	0	17	0.00712797200011657
14.35	0	17	0.00712031381415045
14.36	0	17	0.00711266624349601
14.37	0	17	0.00710502927534927
14.38	0	17	0.00709740289692068
14.39	0	17	0.00708978709543514
14.4	0	17	0.00708218185813204
14.41	0	17	0.00707466859250765
14.42	0	17	0.00706717560596966
14.43	0	17	0.00705969313758872
14.44	0	17	0.00705222117436599
14.45	0	17	0.0070447597033181
14.46	0	17	0.00703730871147705
14.47	0	17	0.0070298681858901
14.48	0	17	0.00702243811361996
14.49	0	17	0.0070150184817446
14.5	0	17	0.00700760927735738
14.51	0	17	0.00700021048756691
14.52	0	17	0.00699282209949714
14.53	0	17	0.00698544410028727
14.54	0	17	0.00697520435789928
14.55	0	17	0.00696667991957093
14.56	0	17	0.00696023638562421
14.57	0	17	0.0069538022075166
14.58	0	17	0.00694737737437842
14.59	0	17	0.00694081721591969
14.6	0	17	0.00693338583949359
14.61	0	17	0.00692606618726349
14.62	0	17	0.00691802059703155
14.63	0	17	0.00690806208874401
14.64	0	17	0.00689804541789885
14.65	0	17	0.00688803896630297
14.66	0	17	0.00687804273300078
14.67	0	17	0.00686805671701431
14.68	0	17	0.0068580809173433
14.69	0	17	0.00684914032992465
14.7	0	17	0.00684274262513499
14.71	0	17	0.00683635411491353
14.72	0	17	0.00682997478863486
14.73	0	17	0.00682122735189628
14.74	0	17	0.00681240796291258
14.75	0	17	0.00680359479967909
14.76	0	17	0.00679478786846493
14.77	0	17	0.00678598717551416
14.78	0	17	0.00677719272704576
14.79	0	17	0.00676840452925371
14.8	0	17	0.00675962258830686
14.81	0	17	0.00675084691034911
14.82	0	17	0.00674215301411338
14.83	0	17	0.00673351477497812
14.84	0	17	0.00672488275901397
14.85	0	17	0.00671625697208476
14.86	0	17	0.00670763742003028
14.87	0	17	0.00669902410866617
14.88	0	17	0.00669167634259601
14.89	0	17	0.00668688529221516
14.9	0	17	0.00668191467892379
14.91	0	17	0.00667701080568754
14.92	0	17	0.00667213899266734
14.93	0	17	0.00666738979181385
14.94	0	17	0.00666264837669555
14.95	0	17	0.00665791473928371
14.96	0	17	0.00665640267036136
14.97	0	17	0.00664947904618119
14.98	0	17	0.00664335672337573
14.99	0	17	0.00663839703836354
15	0	17	0.00663344534785465
15.01	0	17	0.00662862371577824
15.02	0	17	0.00662382790706179
15.03	0	17	0.00661903986567716
15.04	0	17	0.00661425958348643
15.05	0.0088951139666481	17	0.00666027323480138
15.06	0.0113597001374798	17	0.00667547239653502
15.07	0.0138280709135369	17	0.00669095159928743
15.08	0.0156284032365748	17	0.00670087904980563
15.09	0.0217473250789554	17	0.00674995581202057
15.1	0.0304358690740919	17	0.00682428553638186
15.11	0.0525973331566242	17	0.00697088389019481
15.12	0.0539702535713572	17	0.00698691123741266
15.13	0.0571199518952363	17	0.00700462103646714
15.14	0.0576204177711596	17	0.00699400403110957
15.15	0.0588433438765688	17	0.00700541554323657
15.16	0.0591220150092297	17	0.00701792631017251
15.17	0.0594001885629396	17	0.00703047272472854
15.18	0	18	0.00654520736310744
15.19	0	18	0.00653641756401187
15.2	0	18	0.00652959698188655
15.21	0	18	0.00652294891686145
15.22	0	18	0.00651631045391553
15.23	0	18	0.00650968158136626
15.24	0	18	0.00649943898360024
15.25	0	18	0.00648818689583781
15.26	0	18	0.00648870942217842
15.27	0	18	0.00647998888885148
15.28	0	18	0.00647133480563036
15.29	0	18	0.0064626930728653
15.3	0	18	0.00645406367461187
15.31	0	18	0.00644544659494304
15.32	0	18	0.00643491814838409
15.33	0	18	0.00642380496961827
15.34	0	18	0.00641270774979131
15.35	0	18	0.00640164027800894
15.36	0	18	0.00639233082706617
15.37	0	18	0.00638816485428555
15.38	0	18	0.00638403646024096
15.39	0	18	0.00637695152110711
15.4	0	18	0.00636844459483923
15.41	0	18	0.00635994982883716
15.42	0	18	0.00635146720736398
15.43	0	18	0.00634299671469993
15.44	0	18	0.00633453833514253
15.45	0	18	0.00632609205300639
15.46	0	18	0.00631765785262332
15.47	0	18	0.00630923571834242
15.48	0	18	0.00630082563452976
15.49	0	18	0.00629242758556864
15.5	0	18	0.00628404155585958
15.51	0	18	0.00627566752982004
15.52	0	18	0.00626730549188472
15.53	0	18	0.00625895542650535
15.54	0	18	0.0062506173181508
15.55	0	18	0.00624229115130699
15.56	0	18	0.00623189936139355
15.57	0	18	0.00622145010952651
15.58	0	18	0.00621101483331276
15.59	0	18	0.00620059352189281
15.6	0	18	0.00619018616439801
15.61	0	18	0.00617979274995056
15.62	0	18	0.00616941326766367
15.63	0	18	0.00615906696036137
15.64	0	18	0.00615573125273479
15.65	0	18	0.00615440272385037
15.66	0	18	0.00614371323479599
15.67	0	18	0.00613307546168769
15.68	0	18	0.00612245296080205
15.69	0	18	0.00611184571710149
15.7	0	18	0.00610125371554823
15.71	0	18	0.00609067694110457
15.72	0	18	0.00608011537873253
15.73	0	18	0.0060695690133942
15.74	0	18	0.00606047646247756
15.75	0	18	0.00606148450353556
15.76	0	18	0.00606336042333763
15.77	0	18	0.00606210549763583
15.78	0	18	0.00605404974274149
15.79	0	18	0.00604600556211098
15.8	0	18	0.00603797294065317
15.81	0	18	0.00602995186329375
15.82	0	18	0.00602194231497512
15.83	0	18	0.00601396883680937
15.84	0	18	0.00600621662314648
15.85	0	18	0.00599847564698989
15.86	0	18	0.00599074589311234
15.87	0	18	0.00598934653173488
15.88	0	18	0.00599009167917177
15.89	0	18	0.00599083440366418
15.9	0	18	0.00599157469958949
15.91	0	18	0.00599231256132742
15.92	0	18	0.00598501795855858
15.93	0	18	0.00597444055580536
15.94	0	18	0.00596387919644462
15.95	0	18	0.00595333386207017
15.96	0	18	0.00594280453428435
15.97	0	18	0.00593229119469797
15.98	0	18	0.0059217938249304
15.99	0	18	0.00591131240660954
16	0	18	0.00590084692137191
16.01	0	18	0.00589039735086265
16.02	0	18	0.00587996367673552
16.03	0	18	0.00586954588065289
16.04	0	18	0.00585914739055137
16.05	0	18	0.0058491225697039
16.06	0	18	0.00584827410840627
16.07	0	18	0.00584756747964854
16.08	0	18	0.00584686685561132
16.09	0.000168345262444329	18	0.00585000100666112
16.1	0.000212493114615792	18	0.00585032160795646
16.11	0	19	0.00566286880347696
16.12	0	19	0.00565888013117451
16.13	0	19	0.00565198028845914
16.14	0	19	0.00564186249744333
16.15	0	19	0.0056317599417581
16.16	0	19	0.00562398450818567
16.17	0	19	0.00561650033758126
16.18	0	19	0.00560902734280379
16.19	0	19	0.00560156550860113
16.2	0	19	0.00559411481973924
16.21	0	19	0.0055866898526212
16.22	0	19	0.00557939477637961
16.23	0	19	0.00557211061186042
16.24	0	19	0.00556483734407664
16.25	0	19	0.00555757495805962
16.26	0	19	0.00555032343885885
16.27	0	19	0.00554337895610491
16.28	0	19	0.00553863042515704
16.29	0	19	0.00553388961094743
16.3	0	19	0.00552915650419486
16.31	0	19	0.00552443109563228
16.32	0	19	0.00551971337600692
16.33	0	19	0.00551500333608021
16.34	0	19	0.00551030096662779
16.35	0	19	0.00550560625843952
16.36	0	19	0.00550091920231939
16.37	0	19	0.00549623978908559
16.38	0	19	0.00549160077415612
16.39	0	19	0.00548700260822988
16.4	0	19	0.00548241197587101
16.41	0	19	0.00547782886810348
16.42	0	19	0.00547325327596525
16.43	0	19	0.00546868519050836
16.44	0	19	0.00546345988955009
16.45	0	19	0.00545379754136381
16.46	0	19	0.00544414953354559
16.47	0	19	0.00543451585169601
16.48	0	19	0.00542489648141465
16.49	0	19	0.0054152914083001
16.5	0	19	0.00541065928072057
16.51	0	19	0.00540608031841335
16.52	0	19	0.00540150889271056
16.53	0	19	0.00539700695374593
16.54	0	19	0.00538983172173203
16.55	0	19	0.00538513204146806
16.56	0	19	0.00538392351504198
16.57	0	19	0.00537932672755398
16.58	0	19	0.00536942745284403
16.59	0	19	0.00535956076676591
16.6	0	19	0.00534977807878121
16.61	0	19	0.00534001086884959
16.62	0	19	0.00533112970639212
16.63	0	19	0.00532574343755539
16.64	0	19	0.0053203655136927
16.65	0	19	0.00531499592405445
16.66	0	19	0.0053096346579057
16.67	0	19	0.00530428170452621
16.68	0	19	0.00529789562422603
16.69	0	19	0.00528959192215886
16.7	0	19	0.00528448868615147
16.71	0	19	0.00528371634457252
16.72	0	19	0.00527843449633989
16.73	0	19	0.00527316075945403
16.74	0	19	0.00526789512369664
16.75	0	19	0.00526263757886328
16.76	0	19	0.00525738811476326
16.77	0	19	0.00525214672121975
16.78	0	19	0.00524691338806967
16.79	0	19	0.00524168810516375
16.8	0	19	0.00523647086236647
16.81	0	19	0.00522941755787975
16.82	0	19	0.00522025335612649
16.83	0	19	0.00521110201456415
16.84	0	19	0.00520196352255285
16.85	0	19	0.00519285506779691
16.86	0	19	0.00518383219471425
16.87	0	19	0.00517482208114737
16.88	0	19	0.00516582471626044
16.89	0	19	0.00515684008921009
16.9	0	19	0.00514786818914543
16.91	0	19	0.00513890900520815
16.92	0	19	0.00512996252653253
16.93	0	19	0.00512102874224552
16.94	0	19	0.00511404761568592
16.95	0	19	0.0051073709939708
16.96	0	19	0.00510268149313022
16.97	0	19	0.00509799945663323
16.98	0.00204259418822717	19	0.00511018507535552
16.99	0.0132705414315	19	0.00516302609929925
17	0.0158289252895136	19	0.00517866704986553
17.01	0.0186013671621515	19	0.00519115931837171
17.02	0.0208193483915057	19	0.00520038152125309
17.03	0.0237096004711831	19	0.00521401277727988
17.04	0.121799524351346	19	0.00563894180817823
17.05	0.125242833150973	19	0.00566485643459353
17.06	0.134811555442061	19	0.0057159034145031
17.07	0.148357571687202	19	0.00576715031865016
17.08	0.148912563074786	19	0.00577935253308416
17.09	0	20	0.00493946728314912
17.1	0	20	0.0049312656849481
17.11	0	20	0.00492637014272879
17.12	0	20	0.00491830233085383
17.13	0	20	0.00490935416701067
17.14	0	20	0.00490041919556843
17.15	0	20	0.00489149740442097
17.16	0	20	0.0048825887814557
17.17	0	20	0.00487369331455354
17.18	0	20	0.00486528356263638
17.19	0	20	0.00485706547675491
17.2	0	20	0.00484885762732216
17.21	0	20	0.00484066001020226
17.22	0	20	0.00483247262123921
17.23	0	20	0.00482435132860551
17.24	0	20	0.00482370650336466
17.25	0	20	0.00482464383457733
17.26	0	20	0.00482558712993101
17.27	0	20	0.00482653639313938
17.28	0	20	0.00482749162792994
17.29	0	20	0.00482498865918066
17.3	0	20	0.00481625400635919
17.31	0	20	0.00480753206240638
17.32	0	20	0.00479882281623479
17.33	0	20	0.00479012625674878
17.34	0	20	0.00478144237284459
17.35	0	20	0.00477277115341029
17.36	0	20	0.00476420037596241
17.37	0	20	0.00475565172073484
17.38	0	20	0.00474711561778493
17.39	0	20	0.00473859205585932
17.4	0	20	0.00473008102369769
17.41	0	20	0.00472158251003274
17.42	0	20	0.00471309650359024
17.43	0	20	0.00470462299308921
17.44	0	20	0.00469616196724181
17.45	0	20	0.00468771341475345
17.46	0	20	0.00468170940357009
17.47	0	20	0.004677538512807
17.48	0	20	0.00467347093501123
17.49	0	20	0.00466944014290694
17.5	0	20	0.00466541616940747
17.51	0	20	0.00466139900604496
17.52	0	20	0.00465738864436524
17.53	0	20	0.0046533850759279
17.54	0	20	0.00464938829230635
17.55	0	20	0.00464539828508768
17.56	0	20	0.00464141504587272
17.57	0	20	0.00463743856627605
17.58	0	20	0.00463346883792588
17.59	0	20	0.00462950585246416
17.6	0	20	0.00462554960154652
17.61	0	20	0.00462160007684223
17.62	0	20	0.00461805337581627
17.63	0	20	0.00461466143255664
17.64	0	20	0.0046112757223865
17.65	0	20	0.00460789623829998
17.66	0	20	0.00460452297330429
17.67	0	20	0.0046011559204194
17.68	0	20	0.00459779507267824
17.69	0	20	0.00459444042312665
17.7	0	20	0.00459109196482333
17.71	0	20	0.00458774969083985
17.72	0	20	0.00458441359426062
17.73	0	20	0.00458108366818293
17.74	0	20	0.0045777599057169
17.75	0	20	0.00457444229998546
17.76	0	20	0.00456646376707909
17.77	0	20	0.00455906100979665
17.78	0	20	0.00455508974405609
17.79	0	20	0.00455120437033924
17.8	0	20	0.00454737834587209
17.81	2.89124227673628e-05	20	0.00454373308987732
17.82	0.0122623374926215	20	0.00457136159817071
17.83	0.0128697364084693	20	0.00456568888540499
17.84	0.0217067954010795	20	0.00459716540753372
17.85	0.0219297973483421	20	0.00459575904194983
17.86	0.0221081273498092	20	0.00460025463051804
17.87	0.0251151328229042	20	0.00461500700756261
17.88	0.0251644820363237	20	0.00461865790532697
17.89	0.0253742842990542	20	0.00462666970208909
17.9	0.0254933985080923	20	0.00463224505828162
17.91	0.0254096342871575	20	0.0046323146392824
17.92	0.0291724590425793	20	0.00464755603608298
17.93	0.0300715937181865	20	0.00465485224854593
17.94	0.0311357675045891	20	0.00466399728928892
17.95	0.0317836932626629	20	0.00466870150074411
17.96	0.0454923093161629	20	0.00470932918835837
17.97	0.0471489456779	20	0.00472306479214417
17.98	0.068103766220413	20	0.00474948957580064
17.99	0.084157403735609	20	0.00480274705552018
18	0.108147879998515	20	0.00486863446407974
18.01	0.10867658122629	20	0.00487731566172231
18.02	0.109201671348487	20	0.00488598989310968
18.03	0.110333245003284	20	0.0048975835337084
18.04	0.115290593033856	20	0.00492358119065922
18.05	0.115815279885015	20	0.00493219174603855
18.06	0.116348056751541	20	0.00494099076771948
18.07	0.116871518223358	20	0.00494968763451551
18.08	0.117379775809494	20	0.00495831863158856
18.09	0.117713107920024	20	0.00496431588044199
18.1	0.11832063557592	20	0.00497517690564781
18.11	0.11969953404824	20	0.00498526845095756
18.12	0.119693550469214	20	0.00498822615684149
18.13	0.119688084132727	20	0.00499120627421417
18.14	0.119839580193316	20	0.0049938177721866
18.15	0.130290899441003	20	0.00505457059005371
18.16	0.131041409429597	20	0.00505349096445783
18.17	0	21	0.00433583780175716
18.18	0	21	0.0043343108581196
18.19	0	21	0.00433278037892947
18.2	0	21	0.00432856856066256
18.21	0	21	0.00432010674619317
18.22	0	21	0.00431165905549353
18.23	0	21	0.00430322547078162
18.24	0	21	0.00429480597428434
18.25	0	21	0.00428640054823741
18.26	0	21	0.00427897961999305
18.27	0	21	0.00427273647584891
18.28	0	21	0.00426649831623749
18.29	0	21	0.00426029243301089
18.3	0	21	0.00425416442391361
18.31	0	21	0.0042480412405584
18.32	0	21	0.00424192288846085
18.33	0	21	0.00423631063014424
18.34	0	21	0.00423191026058021
18.35	0	21	0.00422751699777
18.36	0	21	0.00422313083223078
18.37	0	21	0.00421875175449393
18.38	0	21	0.00421437975510487
18.39	0	21	0.00421001482462316
18.4	0	21	0.00420565695362245
18.41	0	21	0.00420130613269042
18.42	0	21	0.00419696235242883
18.43	0	21	0.00419262560345349
18.44	0	21	0.00418829587639419
18.45	0	21	0.00418397316189476
18.46	0	21	0.00417965745061304
18.47	0	21	0.00417534873322082
18.48	0	21	0.00417104700040389
18.49	0	21	0.00416675224286195
18.5	0	21	0.00416251225100237
18.51	0	21	0.00415832339627574
18.52	0	21	0.00415414150109903
18.53	0	21	0.00414996655596637
18.54	0	21	0.00414579855138673
18.55	0	21	0.00414163747788381
18.56	0	21	0.0041374833259961
18.57	0	21	0.00413333608627684
18.58	0	21	0.004129195749294
18.59	0	21	0.00412506230563026
18.6	0	21	0.00412093574588304
18.61	0	21	0.00411681606066439
18.62	0	21	0.00411270324060113
18.63	0	21	0.00410859727633463
18.64	0	21	0.00410449815852098
18.65	0	21	0.00410040587783086
18.66	0	21	0.00409632042494962
18.67	0	21	0.00409376967125578
18.68	0	21	0.00409142259948052
18.69	0	21	0.00408908084976616
18.7	0	21	0.00408674441715424
18.71	0	21	0.00408074334385695
18.72	0	21	0.00407406201054246
18.73	0	21	0.00406759525074287
18.74	0	21	0.00406345252296067
18.75	0.00180467446547772	21	0.00406648853875873
18.76	0.00490271440754328	21	0.00407937583906454
18.77	0.0148833555607594	21	0.00411275104428334
18.78	0.0239047425389	21	0.00411648708464777
18.79	0.0253634907326995	21	0.0041095618485612
18.8	0.0268705887209606	21	0.0041068118783268
18.81	0.0325599358600355	21	0.0041191841864312
18.82	0.0335043741557563	21	0.00412353866815198
18.83	0.0338022838595864	21	0.00412513165115413
18.84	0.0341942193790167	21	0.00412774037452416
18.85	0.034391500435887	21	0.00412829469376377
18.86	0.0346838478886324	21	0.00412987560928053
18.87	0.0349734158571814	21	0.00413144239368034
18.88	0.0364222228781141	21	0.00413603153074604
18.89	0.0453063258263138	21	0.00414873145107454
18.9	0.045759619091547	21	0.00415466181426751
18.91	0.0462105310716292	21	0.0041605936130791
18.92	0.0510330815711012	21	0.00418191121805603
18.93	0.0518171999328601	21	0.0041872092444373
18.94	0.0538088495614863	21	0.00419030063751113
18.95	0.0622207992151578	21	0.00420862436288008
18.96	0.066894765160734	21	0.00422998532587952
18.97	0.0673453159799753	21	0.00423908574358895
18.98	0.0673484443270872	21	0.0042400537417132
18.99	0.0677890944593991	21	0.00424903738472378
19	0.0682279339470721	21	0.00425803514934329
19.01	0.0686647860677092	21	0.0042670436095899
19.02	0.068862393480273	21	0.00426827076841338
19.03	0.0690751074294049	21	0.00427260946331473
19.04	0.0724934994248599	21	0.00428778148810076
19.05	0.0782964182032861	21	0.00430723968262016
19.06	0.080426901653889	21	0.00431518061384623
19.07	0.0858690642070583	21	0.0043272486862953
19.08	0.0937929094507215	21	0.00434896601450359
19.09	0.0994891305276101	21	0.00437337369110605
19.1	0.105000768616758	21	0.00439115347869586
19.11	0.108146281228558	21	0.00439244474650446
19.12	0.1087281710274	21	0.00439056784367929
19.13	0.110210248681795	21	0.00439229105334504
19.14	1.96152853560141	21	0.0212708666188258
19.15	1.96788746325969	21	0.0212708506110643
19.16	1.97432155545599	21	0.0212708643051078
19.17	1.9572367581529	21	0.0212708422071697
19.18	1.95630344042546	21	0.0212708601235691
19.19	1.96100415749949	21	0.0212708714758133
19.2	1.96487098563193	21	0.021270860917545
19.21	1.95862258745378	21	0.0212708740261675
19.22	1.95793855132338	21	0.0212708534232047
19.23	1.96703611710362	21	0.0212708521693195
19.24	1.96928728444093	21	0.0212708732790447
19.25	1.96530332358531	21	0.0212708647082332
19.26	1.97686511288715	21	0.0212708437661071
19.27	1.9860459229752	21	0.0212708702106827
19.28	1.98193359223713	21	0.0212708448533136
19.29	1.977857773408	21	0.0212708902152016
19.3	1.97381555823415	21	0.0212708727068789
19.31	1.96980724370697	21	0.0212708432843962
19.32	1.97510433650349	21	0.0212708624330511
19.33	1.98090820563324	21	0.0212708474604027
19.34	1.98677530190663	21	0.0212708674732277
19.35	1.99270573282683	21	0.0212708512517819
19.36	1.9998296625713	21	0.0212708505634691
19.37	2.00968890970102	21	0.0212708586414605
19.38	2.01972663299494	21	0.0212708516642852
19.39	2.01661897783328	21	0.0212708444025609
19.4	2.0119137393212	21	0.0212708474009322
19.41	2.00756668796572	21	0.0212708466928622
19.42	2.00325950252453	21	0.0212708719642907
19.43	2.00452976518989	21	0.0212708779579769
19.44	2.01254038029796	21	0.0212708630835009
19.45	2.01784109004366	21	0.0212708678878283
19.46	2.02244016901682	21	0.0212708532503455
19.47	2.02707909384547	21	0.0212708417837626
19.48	2.03175943985416	21	0.0212708756012011
19.49	2.02890035736103	21	0.0212708694935716
19.5	2.02160264305403	21	0.0212708551411905
19.51	2.01442092788173	21	0.0212708658118445
19.52	2.0073504705704	21	0.0212708417232439
19.53	2.00236283271405	21	0.0212708440967192
19.54	2.02205705382344	21	0.0212708514312467
19.55	2.04244655772984	21	0.0212708420370676
19.56	2.06359027095707	21	0.0212708440575494
19.57	2.06386737717011	21	0.0212708763445181
19.58	2.0596965157229	21	0.0212708579863228
19.59	2.05556162455333	21	0.0212708456371959
19.6	2.06150624557332	21	0.0212708586475712
19.61	2.07312096486354	21	0.0212708469790929
19.62	2.08498891637247	21	0.0212708434705957
19.63	2.09712265257963	21	0.0212708631130058
19.64	2.10953365173747	21	0.0212708530630841
19.65	2.11834092623308	21	0.0212708543468208
19.66	2.12390399022629	21	0.0212708564397702
19.67	2.14856336878297	21	0.0212708545367632
19.68	2.14315481417428	21	0.0212708696925529
19.69	2.14095587804065	21	0.0212708614142424
19.7	2.14676524198702	21	0.0212708545602191
19.71	2.14835277444629	21	0.0212708669011875
19.72	2.14165423242184	21	0.0212708649934715
19.73	2.1395386413706	21	0.0212708627924376
19.74	2.14346529577214	21	0.021270862518896
19.75	2.15192892923649	21	0.0212708689814398
19.76	2.16053117660871	21	0.0212708712558101
19.77	2.1692768605188	21	0.021270867881305
19.78	2.17817096507263	21	0.0212708523356262
19.79	2.18721964481751	21	0.0212708648434801
19.8	2.19642747426619	21	0.02127084743189
19.81	2.20580144024982	21	0.0212708516476736
19.82	2.21534737188524	21	0.0212708504247467
19.83	2.2250722367934	21	0.0212708569226683
19.84	2.23353725388859	21	0.0212708470176518
19.85	2.22955007690985	21	0.0212708508573572
19.86	2.22559468153809	21	0.0212708482526259
19.87	2.22165465343152	21	0.021270852819514
19.88	2.18296459638423	21	0.0212708434459755
19.89	2.14867068825833	21	0.0212708655902449
19.9	2.1364194916163	21	0.0212708637406077
19.91	2.12449365386292	21	0.021270860384471
19.92	2.12627340798693	21	0.0212708732900439
19.93	2.13357546397172	21	0.0212708748472556
19.94	2.1409800489203	21	0.0212708553652944
19.95	2.14849127610898	21	0.0212708703725319
19.96	2.15611123916986	21	0.0212708582564265
19.97	2.16384415786801	21	0.0212708646243445
19.98	2.16171919508986	21	0.0212708451503535
19.99	2.15572612857607	21	0.0212708563360884
20	2.1498078466333	21	0.021270880400563
20.01	2.14396167173209	21	0.0212708684852654
20.02	2.13818687541169	21	0.0212708797428008
20.03	2.13248096600281	21	0.0212708685445488
20.04	2.12684334560055	21	0.0212708945378533
20.05	2.11646216867354	21	0.0212708420074117
20.06	2.098561324639	21	0.0212708466938865
20.07	2.08152764004847	21	0.0212708684319638
20.08	2.08819039406116	21	0.0212708425222215
20.09	2.08008637580406	21	0.0212708535330668
20.1	2.0792791231468	21	0.0212708683325805
20.11	2.06979864810442	21	0.0212708546850419
20.12	2.06051428291015	21	0.0212708521926536
20.13	2.05141830796124	21	0.0212708607838942
20.14	2.05499090120733	21	0.0212708499439918
20.15	2.06512437084244	21	0.0212708638774192
20.16	2.06393710999858	21	0.0212708624028089
20.17	2.06521080650277	21	0.0212708423033043
20.18	2.05421709553395	21	0.0212708572753415
20.19	2.05512514421415	21	0.0212708493548318
20.2	2.05358394617907	21	0.0212708705893672
20.21	2.06069042125644	21	0.0212708514878846
20.22	2.06550966371415	21	0.0212708582476387
20.23	2.05762105356805	21	0.021270846050404
20.24	2.06008024767883	21	0.0212708422253121
20.25	2.0688966805741	21	0.0212708481139347
20.26	2.06698276504999	21	0.0212708738565057
20.27	2.06324847633485	21	0.0212708509423161
20.28	2.06703225157968	21	0.0212708466660282
20.29	2.07082135803903	21	0.0212708562295924
20.3	2.06739162123673	21	0.0212708576316993
20.31	2.06232800693283	21	0.0212708635673507
20.32	2.05971861787447	21	0.0212708452455664
20.33	2.05592773227956	21	0.0212708607075473
20.34	2.05216632156524	21	0.0212708771168263
20.35	2.04894114154739	21	0.0212708543650709
20.36	2.04472869022988	21	0.0212708507214033
20.37	2.0471988156043	21	0.0212708680691731
20.38	2.05281878683787	21	0.0212708504332896
20.39	2.05153964046296	21	0.0212708508838619
20.4	2.04877948476903	21	0.0212708517954164
20.41	2.04603402956387	21	0.0212708419696772
20.42	2.04530975935469	21	0.0212708595638831
20.43	2.05178523588863	21	0.0212708618929495
20.44	2.06069946456619	21	0.0212708564052131
20.45	2.06959463018043	21	0.0212708605619738
20.46	2.07546487489783	21	0.0212708595631393
20.47	2.08299845352796	21	0.0212708545764026
20.48	2.09064024790407	21	0.0212708537335761
20.49	2.09838633875598	21	0.0212708803292319
20.5	2.09940015451094	21	0.0212708675519718
20.51	2.0958742238496	21	0.0212708538583673
20.52	2.11356015314553	21	0.0212708509001621
20.53	2.1305935184854	21	0.0212708445994435
20.54	2.13896036189413	21	0.021270864436075
20.55	2.147461930901	21	0.0212708636356272
20.56	2.15610324069092	21	0.0212708603470486
20.57	2.16488937677224	21	0.0212708637192892
20.58	2.1660722464592	21	0.0212708624716854
20.59	2.16063301123111	21	0.0212708466924209
20.6	2.16370597355222	21	0.0212708588139976
20.61	2.17181390289403	21	0.0212708588726679
20.62	2.18004989292973	21	0.0212708680490683
20.63	2.18717710176219	21	0.0212708586219897
20.64	2.181184714791	21	0.0212708552104646
20.65	2.17435227377804	21	0.0212708549568828
20.66	2.1676172024993	21	0.0212708611334175
20.67	2.16097624261139	21	0.0212708416983145
20.68	2.15442784985798	21	0.0212708587925749
20.69	2.14796859927855	21	0.0212708577796824
20.7	2.150140242417	21	0.0212708600753268
20.71	2.15554802600543	21	0.0212708803440086
20.72	2.1624041194399	21	0.0212708511407842
20.73	2.16935232244449	21	0.0212708668789627
20.74	2.18771896876945	21	0.0212708530551578
20.75	2.18353246821901	21	0.0212708704163236
20.76	2.17241201959372	21	0.0212708665241875
20.77	2.16337789364546	21	0.0212708529236416
20.78	2.15992337540744	21	0.0212708702901634
20.79	2.16734612180927	21	0.0212708824863772
20.8	2.17401043226354	21	0.0212708949366007
20.81	2.16763861695015	21	0.021270851532701
20.82	2.17003942869789	21	0.0212708518455734
20.83	2.17652088534377	21	0.021270868348689
20.84	2.17030342602437	21	0.0212708770453626
20.85	2.17614187152313	21	0.0212708566503257
20.86	2.18375877411191	21	0.0212708539989534
20.87	2.19148901276826	21	0.0212708616027664
20.88	2.19933563826858	21	0.0212708515076878
20.89	2.18079221775775	21	0.0212708480818466
20.9	2.1557294584196	21	0.021270845641309
20.91	2.13205312242054	21	0.0212708474772897
20.92	2.11394717363278	21	0.0212708591259324
20.93	2.11287491169273	21	0.0212708494939601
20.94	2.11863500725976	21	0.0212708561171432
20.95	2.12864002391021	21	0.0212708591573693
20.96	2.13792952641433	21	0.021270876357556
20.97	2.13022781873577	21	0.0212708523522301
20.98	2.11980557332341	21	0.021270843012677
20.99	2.12273561595689	21	0.0212708449565077
21	2.12422127006192	21	0.0212708514756487
21.01	2.1228977857217	21	0.0212708512434806
21.02	2.12241688269194	21	0.0212708521265855
21.03	2.10448018380344	21	0.0212708444829051
21.04	2.09643953219184	21	0.0212708468838656
21.05	2.08974205918472	21	0.0212708760171436
21.06	2.09376061589367	21	0.0212708641639485
21.07	2.09822283310764	21	0.0212708598906326
21.08	2.10245296348803	21	0.021270861403621
21.09	2.09068412273471	21	0.0212708571337696
21.1	2.09335891269344	21	0.0212708606528508
21.11	2.09798342497731	21	0.0212708576329939
21.12	2.10264877825147	21	0.0212708558476078
21.13	2.10621228601643	21	0.0212708539557354
21.14	2.10510299279736	21	0.0212708678452122
21.15	2.1044083604691	21	0.0212708461318926
21.16	2.09519191594547	21	0.0212708690544394
21.17	2.08615802454255	21	0.0212708578428605
21.18	2.07916721032694	21	0.0212708751343605
21.19	2.07393832897187	21	0.0212708645663614
21.2	2.07379904064456	21	0.0212708580064803
21.21	2.07298666859446	21	0.0212708660538413
21.22	2.07728459719679	21	0.0212708607477558
21.23	2.0816173090732	21	0.0212708441891859
21.24	2.08360471427633	21	0.0212708537500804
21.25	2.08044722978464	21	0.0212708518098337
21.26	2.07726632403407	21	0.0212708566474292
21.27	2.06916452115442	21	0.0212708585925643
21.28	2.07106741949759	21	0.0212708570719126
21.29	2.07548577164908	21	0.021270846280072
21.3	2.07914180738943	21	0.0212708494682646
21.31	2.07785395271363	21	0.0212708574585204
21.32	2.07416769284405	21	0.0212708645867761
21.33	2.07813647527501	21	0.0212708502154793
21.34	2.07442154682011	21	0.0212708590100516
21.35	2.07073464119406	21	0.0212708617099454
21.36	2.06847465507561	21	0.0212708432407475
21.37	2.07390550017767	21	0.021270853874695
21.38	2.07829966898957	21	0.0212708648731055
21.39	2.06550253571866	21	0.0212708431682588
21.4	2.0590485221452	21	0.0212708589235919
21.41	2.05500614893406	21	0.0212708458646012
21.42	2.05343494400049	21	0.0212708786231488
21.43	2.06233608091661	21	0.0212708640310629
21.44	2.06607566773203	21	0.021270862716451
21.45	2.06359121501663	21	0.021270866623205
21.46	2.05794994982581	21	0.0212708506799153
21.47	2.05237587573475	21	0.0212708469340885
21.48	2.03996313479299	21	0.0212708631521732
21.49	2.04142301784518	21	0.0212708700677825
21.5	2.03604048685113	21	0.0212708501595617
21.51	2.03071961505858	21	0.0212708656818544
21.52	2.02545828562422	21	0.0212708715824651
21.53	2.02025521486075	21	0.0212708696168233
21.54	2.01721226522872	21	0.0212708535565208
21.55	2.0298021334044	21	0.0212708522215275
21.56	2.04159392834929	21	0.0212708579987096
21.57	2.03854128390388	21	0.0212708449800172
21.58	2.03549315269586	21	0.021270849183668
21.59	2.03246348259498	21	0.0212708437171735
21.6	2.02945326598989	21	0.0212708637478374
21.61	2.02645996344232	21	0.0212708429846464
21.62	2.02348586314484	21	0.0212708535397163
21.63	2.02052930156879	21	0.0212708540101198
21.64	2.02320140984532	21	0.0212708512886023
21.65	2.03150376287812	21	0.0212708545193971
21.66	2.03283123678461	21	0.0212708520486569
21.67	2.02087754602337	21	0.0212708578399424
21.68	2.00924576485202	21	0.0212708425496566
21.69	2.00315415241446	21	0.0212708682555565
21.7	2.00031658090298	21	0.0212708576876226
21.71	1.9974954253296	21	0.0212708515844384
21.72	1.99832711434656	21	0.0212708475087936
21.73	1.99711226140541	21	0.0212708712192605
21.74	2.00324233644813	21	0.021270851834393
21.75	2.01745847900671	21	0.021270855586668
21.76	2.01181982971577	21	0.0212708857105672
21.77	2.00624781086647	21	0.0212708550828326
21.78	2.00691444201403	21	0.0212708495514291
21.79	2.00230025634958	21	0.0212708732085512
21.8	1.99737395043497	21	0.0212708693497566
21.81	1.99249850260237	21	0.021270842009029
21.82	1.98767412149822	21	0.0212708661089538
21.83	1.98474886158282	21	0.0212708658620066
21.84	1.99357979210587	21	0.02127084997361
21.85	2.00255451053916	21	0.0212708530014548
21.86	2.01167760879225	21	0.0212708537530454
21.87	2.02095450177682	21	0.0212708523095462
21.88	2.02285444764351	21	0.0212708648746548
21.89	2.02272820405524	21	0.0212708505093355
21.9	2.02393769490912	21	0.0212708457944694
21.91	2.03120490654661	21	0.021270856237957
21.92	2.03821414095592	21	0.0212708484191529
21.93	2.03224403614431	21	0.0212708673407405
21.94	2.02876022894319	21	0.021270851886527
21.95	2.03470715880013	21	0.0212708520674055
21.96	2.04072078220333	21	0.0212708508912092
21.97	2.05035697135011	21	0.0212708472102894
21.98	2.06296237005658	21	0.0212708428963391
21.99	2.07586381399583	21	0.0212708439534411
22	2.08414654752568	21	0.0212708715010593
