Del_FPP	alpha0	nC_FPP	p_FPP
0	1	7	0.0378761052819078
0.01	1	7	0.0378248449019641
0.02	1	7	0.0377736411525111
0.03	1	7	0.0377224939907877
0.04	1	7	0.0376714033740358
0.05	1	7	0.0376203692595012
0.06	1	7	0.037569391604433
0.07	1	7	0.0375184703660841
0.08	1	7	0.0374676055017109
0.09	1	7	0.0374167969685735
0.1	1	7	0.0373660447239358
0.11	1	7	0.0373153487250656
0.12	1	7	0.0372647089292342
0.13	1	7	0.0372141252937171
0.14	1	7	0.0371635977757935
0.15	1	7	0.0371131263327468
0.16	1	7	0.0370627109218642
0.17	1	7	0.037012351500437
0.18	1	7	0.0369620480257606
0.19	1	7	0.0369118004551347
0.2	1	7	0.036861608745863
0.21	1	7	0.0368114728552534
0.22	1	7	0.0367613927406184
0.23	1	7	0.0367113683592745
0.24	1	7	0.0366613996685427
0.25	1	7	0.0366114866257483
0.26	1	7	0.0365616291882213
0.27	1	7	0.0365118273132961
0.28	1	7	0.0364620809583114
0.29	1	7	0.0364123900806109
0.3	1	7	0.0363627546375427
0.31	1	7	0.0363131745864595
0.32	1	7	0.0362636498847191
0.33	1	7	0.0362141804896836
0.34	1	7	0.0361647663587202
0.35	1	7	0.036115407449201
0.36	1	7	0.0360661037185028
0.37	1	7	0.0360168551240075
0.38	1	7	0.0359676616231019
0.39	1	7	0.0359185231731779
0.4	1	7	0.0358694397316324
0.41	1	7	0.0358204112558676
0.42	1	7	0.0357714377032907
0.43	1	7	0.035722519031314
0.44	1	7	0.0356736551973554
0.45	1	7	0.0356248461588379
0.46	1	7	0.0355760918731897
0.47	1	7	0.0355273922978447
0.48	1	7	0.0354787473902419
0.49	1	7	0.0354301571078261
0.5	1	7	0.0353816214080472
0.51	1	7	0.0353331402483612
0.52	1	7	0.0352847135862291
0.53	1	7	0.0352363413791181
0.54	1	7	0.0351880235845006
0.55	1	7	0.0351397601598552
0.56	1	7	0.0350915510626658
0.57	1	7	0.0350433962504225
0.58	1	7	0.0349952956806211
0.59	1	7	0.0349472493107632
0.6	1	7	0.0348992570983565
0.61	1	7	0.0348513190009147
0.62	1	7	0.0348034349759574
0.63	1	7	0.0347556049810103
0.64	1	7	0.0347078289736053
0.65	1	7	0.0346601069112804
0.66	1	7	0.0346124387515798
0.67	1	7	0.034564824452054
0.68	1	7	0.0345172639702596
0.69	1	7	0.0344697572637597
0.7	1	7	0.0344223042901238
0.71	1	7	0.0343749050069277
0.72	1	7	0.0343275593717536
0.73	1	7	0.0342802673421903
0.74	1	7	0.0342330288758331
0.75	1	7	0.0341858439302839
0.76	1	7	0.0341387124631513
0.77	1	7	0.0340916344320503
0.78	1	7	0.0340446097946028
0.79	1	7	0.0339976385084375
0.8	1	7	0.0339507205311898
0.81	1	7	0.0339038558205018
0.82	1	7	0.0338570443340226
0.82	1	8	0.0337270217740352
0.83	1	8	0.0336806521225443
0.84	1	8	0.0336343349461566
0.85	1	8	0.0335880702032143
0.86	1	8	0.033541857852067
0.87	1	8	0.0334956978510711
0.88	1	8	0.0334495901585901
0.89	1	8	0.0334035347329947
0.9	1	8	0.0333575315326627
0.91	1	8	0.0333115805159792
0.92	1	8	0.0332656816413363
0.93	1	8	0.0332198348671336
0.94	1	8	0.033174040151778
0.95	1	8	0.0331282974536836
0.96	1	8	0.0330826067312721
0.97	1	8	0.0330369679429725
0.98	1	8	0.0329913810472213
0.99	1	8	0.0329458460024627
1	1	8	0.032900362767148
1.01	1	8	0.0328549312997366
1.02	1	8	0.0328095515586952
1.03	1	8	0.0327642235024983
1.04	1	8	0.0327189470896282
1.05	1	8	0.0326737222785747
1.06	1	8	0.0326285490278357
1.07	1	8	0.0325834272959165
1.08	1	8	0.0325383570413308
1.09	1	8	0.0324933382225997
1.1	1	8	0.0324483707982527
1.11	1	8	0.0324034547268268
1.12	1	8	0.0323585899668675
1.13	1	8	0.032313776476928
1.14	1	8	0.0322690142155698
1.15	1	8	0.0322243031413624
1.16	1	8	0.0321796432128835
1.17	1	8	0.0321350343887192
1.18	1	8	0.0320904766274636
1.19	1	8	0.0320459698877192
1.2	1	8	0.0320015141280969
1.21	1	8	0.0319571093072157
1.22	1	8	0.0319127553837033
1.23	1	8	0.0318684523161957
1.24	1	8	0.0318242000633374
1.25	1	8	0.0317799985837815
1.26	1	8	0.0317358478361894
1.27	1	8	0.0316917477792313
1.28	1	8	0.0316476983715861
1.29	1	8	0.0316036995719412
1.3	1	8	0.0315597513389927
1.31	1	8	0.0315158536314456
1.32	1	8	0.0314720064080135
1.33	1	8	0.0314282096274189
1.34	1	8	0.0313844632483931
1.35	1	8	0.0313407672296765
1.36	1	8	0.0312971215300182
1.37	1	8	0.0312535261081762
1.38	1	8	0.0312099809229178
1.39	1	8	0.0311664859330191
1.4	1	8	0.0311230410972653
1.41	1	8	0.0310796463744509
1.42	1	8	0.0310363017233793
1.43	1	8	0.0309930071028631
1.44	1	8	0.0309497624717245
1.45	1	8	0.0309065677887944
1.46	1	8	0.0308634230129135
1.47	1	8	0.0308203281029314
1.48	1	8	0.0307772830177075
1.49	1	8	0.0307342877161101
1.5	1	8	0.0306913421570175
1.51	1	8	0.0306484462993171
1.52	1	8	0.0306056001019059
1.53	1	8	0.0305628035236904
1.54	1	8	0.0305200565235869
1.55	1	8	0.0304773590605211
1.56	1	8	0.0304347110934284
1.57	1	8	0.030392112581254
1.58	1	8	0.0303495634829528
1.59	1	8	0.0303070637574893
1.6	1	8	0.0302646133638381
1.61	1	8	0.0302222122609833
1.62	1	8	0.0301798604079192
1.63	1	8	0.0301375577636498
1.64	1	8	0.0300953042871891
1.65	1	8	0.030053099937561
1.66	1	8	0.0300109446737997
1.67	1	8	0.029968838454949
1.68	1	8	0.0299267812400632
1.69	1	8	0.0298847729882066
1.7	1	8	0.0298428136584535
1.71	1	8	0.0298009032098886
1.72	1	8	0.0297590416016066
1.73	1	8	0.0297172287927128
1.74	1	8	0.0296754647423224
1.75	1	8	0.0296337494095614
1.76	1	8	0.0295920827535656
1.77	1	8	0.0295504647334817
1.78	1	8	0.0295088953084666
1.79	1	8	0.0294673744376877
1.8	1	8	0.029425902080323
1.81	1	8	0.0293844781955608
1.82	1	8	0.0293431027426003
1.83	1	8	0.0293017756806511
1.84	1	8	0.0292604969689334
1.85	1	8	0.0292192665666783
1.86	1	8	0.0291780844331275
1.87	1	8	0.0291369505275333
1.88	1	8	0.0290958648091591
1.89	1	8	0.0290548272372788
1.9	1	8	0.0290138377711774
1.91	1	8	0.0289728963701506
1.92	1	8	0.0289320029935051
1.93	1	8	0.0288911576005585
1.94	1	8	0.0288503601506395
1.95	1	8	0.0288096106030878
1.96	1	8	0.028768908917254
1.97	1	8	0.0287282550524999
1.98	1	8	0.0286876489681985
1.99	1	8	0.0286470906237338
2	1	8	0.0286065799785011
2.01	1	8	0.0285661169919069
2.02	1	8	0.0285257016233688
2.03	1	8	0.028485333832316
2.04	1	8	0.0284450135781888
2.05	1	8	0.0284047408204389
2.06	1	8	0.0283645155185293
2.07	1	8	0.0283243376319347
2.08	1	8	0.0282842071201409
2.09	1	8	0.0282441239426455
2.1	1	8	0.0282040880589574
2.11	1	8	0.0281640994285971
2.12	1	8	0.0281241580110968
2.13	1	8	0.0280842637660002
2.14	1	8	0.0280444166528627
2.15	1	8	0.0280046166312514
2.16	1	8	0.0279648636607451
2.17	1	8	0.0279251577009343
2.18	1	8	0.0278854987114213
2.19	1	8	0.0278458866518204
2.2	1	8	0.0278063214817575
2.21	1	8	0.0277668031608704
2.22	1	8	0.027727331648809
2.23	1	8	0.027687906905235
2.24	1	8	0.0276485288898221
2.25	1	8	0.027609197562256
2.26	1	8	0.0275699128822345
2.27	1	8	0.0275306748094674
2.28	1	8	0.0274914833036767
2.29	1	8	0.0274523383245963
2.3	1	8	0.0274132398319727
2.31	1	8	0.0273741877855641
2.32	1	8	0.0273351821451413
2.33	1	8	0.0272962228704873
2.34	1	8	0.0272573099213972
2.35	1	8	0.0272184432576786
2.36	1	8	0.0271796228391515
2.37	1	8	0.0271408486256481
2.38	1	8	0.0271021205770132
2.39	1	8	0.027063438653104
2.4	1	8	0.0270248028137901
2.41	1	8	0.0269862130189538
2.42	1	8	0.0269476692284898
2.43	1	8	0.0269091714023053
2.44	1	8	0.0268707195003203
2.45	1	8	0.0268323134824674
2.46	1	8	0.0267939533086918
2.47	1	8	0.0267556389389514
2.48	1	8	0.0267173703332169
2.49	1	8	0.0266791474514718
2.5	1	8	0.0266409702537122
2.51	1	8	0.0266028386999471
2.52	1	8	0.0265647527501986
2.53	1	8	0.0265267123645013
2.54	1	8	0.0264887175029031
2.55	1	8	0.0264507681254645
2.56	1	8	0.0264128641922591
2.57	1	8	0.0263750056633737
2.58	1	8	0.0263371924989078
2.59	1	8	0.0262994246589743
2.6	1	8	0.026261702103699
2.61	1	8	0.0262240247932208
2.62	1	8	0.0261863926876918
2.63	1	8	0.0261488057472775
2.64	1	8	0.0261112639321562
2.65	1	8	0.0260737672025199
2.66	1	8	0.0260363155185735
2.67	1	8	0.0259989088405354
2.68	1	8	0.0259615471286374
2.69	1	8	0.0259242303431245
2.7	1	8	0.0258869584442552
2.71	1	8	0.0258497313923013
2.72	1	8	0.0258125491475483
2.73	1	8	0.0257754116702949
2.74	1	8	0.0257383189208536
2.75	1	8	0.0257012708595502
2.76	1	8	0.0256642674467241
2.77	1	8	0.0256273086427285
2.78	1	8	0.0255903944079301
2.79	1	8	0.0255535247027092
2.8	1	8	0.0255166994874598
2.81	1	8	0.0254799187225899
2.82	1	8	0.0254431823685207
2.83	1	8	0.0254064903856878
2.84	1	8	0.0253698427345401
2.85	1	8	0.0253332393755405
2.86	1	8	0.025296680269166
2.87	1	8	0.0252601653759072
2.88	1	8	0.0252236946562687
2.89	1	8	0.025187268070769
2.9	1	8	0.0251508855799407
2.91	1	8	0.0251145471443303
2.92	1	8	0.0250782527244984
2.93	1	8	0.0250420022810197
2.94	1	8	0.0250057957744828
2.95	1	8	0.0249696331654906
2.96	1	8	0.0249335144146601
2.97	1	8	0.0248974394826225
2.98	1	8	0.0248614083300231
2.99	1	8	0.0248254209175215
3	1	8	0.0247894772057916
3.01	1	8	0.0247535771555216
3.02	1	8	0.0247177207274138
3.03	1	8	0.0246819078821852
3.04	1	8	0.0246461385805668
3.05	1	8	0.0246104127833042
3.06	1	8	0.0245747304511575
3.07	1	8	0.024539091544901
3.08	1	8	0.0245034960253237
3.09	1	8	0.0244679438532291
3.1	1	8	0.0244324349894351
3.11	1	8	0.0243969693947742
3.12	1	8	0.0243615470300935
3.12	1	9	0.0243061560597547
3.13	1	9	0.0242710259548913
3.14	1	9	0.0242359384985975
3.15	1	9	0.0242008936523872
3.16	1	9	0.0241658913777888
3.17	1	9	0.0241309316363453
3.18	1	9	0.0240960143896139
3.19	1	9	0.0240611395991665
3.2	1	9	0.0240263072265895
3.21	1	9	0.0239915172334839
3.22	1	9	0.0239567695814653
3.23	1	9	0.0239220642321637
3.24	1	9	0.0238874011472242
3.25	1	9	0.0238527802883062
3.26	1	9	0.0238182016170839
3.27	1	9	0.0237836650952462
3.28	1	9	0.0237491706844968
3.29	1	9	0.0237147183465542
3.3	1	9	0.0236803080431516
3.31	1	9	0.0236459397360372
3.32	1	9	0.0236116133869738
3.33	1	9	0.0235773289577393
3.34	1	9	0.0235430864101265
3.35	1	9	0.0235088857059428
3.36	1	9	0.023474726807011
3.37	1	9	0.0234406096751686
3.38	1	9	0.0234065342722682
3.39	1	9	0.0233725005601774
3.4	1	9	0.0233385085007789
3.41	1	9	0.0233045580559704
3.42	1	9	0.0232706491876647
3.43	1	9	0.0232367818577898
3.44	1	9	0.0232029560282888
3.45	1	9	0.0231691716611201
3.46	1	9	0.0231354287182571
3.47	1	9	0.0231017271616886
3.48	1	9	0.0230680669534184
3.49	1	9	0.023034448055466
3.5	1	9	0.0230008704298658
3.51	1	9	0.0229673340386677
3.52	1	9	0.0229338388439369
3.53	1	9	0.0229003848077541
3.54	1	9	0.0228669718922151
3.55	1	9	0.0228336000594316
3.56	1	9	0.0228002692715302
3.57	1	9	0.0227669794906533
3.58	1	9	0.0227337306789588
3.59	1	9	0.02270052279862
3.6	1	9	0.0226673558118258
3.61	1	9	0.0226342296807806
3.62	1	9	0.0226011443677045
3.63	1	9	0.022568099834833
3.64	1	9	0.0225350960444176
3.65	1	9	0.022502132958725
3.66	1	9	0.0224692105400381
3.67	1	9	0.022436328750655
3.68	1	9	0.02240348755289
3.69	1	9	0.0223706869090727
3.7	1	9	0.0223379267815488
3.71	1	9	0.0223052071326797
3.72	1	9	0.0222725279248426
3.73	1	9	0.0222398891204306
3.74	1	9	0.0222072906818526
3.75	1	9	0.0221747325715334
3.76	1	9	0.0221422147519139
3.77	1	9	0.0221097371854506
3.78	1	9	0.0220772998346163
3.79	1	9	0.0220449026618996
3.8	1	9	0.0220125456298052
3.81	1	9	0.0219802287008536
3.82	1	9	0.0219479518375817
3.83	1	9	0.0219157150025422
3.84	1	9	0.0218835181583041
3.85	1	9	0.0218513612674524
3.86	1	9	0.0218192442925883
3.87	1	9	0.021787167196329
3.88	1	9	0.0217551299413082
3.89	1	9	0.0217231324901756
3.9	1	9	0.0216911748055971
3.91	1	9	0.021659256850255
3.92	1	9	0.0216273785868477
3.93	1	9	0.0215955399780902
3.94	1	9	0.0215637409867136
3.95	1	9	0.0215319815754652
3.96	1	9	0.021500261707109
3.97	1	9	0.0214685813444252
3.98	1	9	0.0214369404502105
3.99	1	9	0.0214053389872778
4	1	9	0.0213737769184568
4.01	1	9	0.0213422542065935
4.02	1	9	0.0213107708145503
4.03	1	9	0.0212793267052064
4.04	1	9	0.0212479218414571
4.05	1	9	0.0212165561862148
4.06	1	9	0.0211852297024081
4.07	1	9	0.0211539423529822
4.08	1	9	0.0211226941008993
4.09	1	9	0.0210914849091378
4.1	1	9	0.021060314740693
4.11	1	9	0.0210291835585769
4.12	1	9	0.0209980913258181
4.13	1	9	0.0209670380054621
4.14	1	9	0.0209360235605709
4.15	1	9	0.0209050479542236
4.16	1	9	0.0208741111495158
4.17	1	9	0.0208432131095601
4.18	1	9	0.0208123537974859
4.19	1	9	0.0207815331764394
4.2	1	9	0.0207507512095837
4.21	1	9	0.0207200078600989
4.22	1	9	0.0206893030911819
4.23	1	9	0.0206586368660465
4.24	1	9	0.0206280091479236
4.25	1	9	0.0205974199000611
4.26	1	9	0.0205668690857238
4.27	1	9	0.0205363566681934
4.28	1	9	0.020505882610769
4.29	1	9	0.0204754468767665
4.3	1	9	0.0204450494295188
4.31	1	9	0.0204146902323763
4.32	1	9	0.020384369248706
4.33	1	9	0.0203540864418926
4.34	1	9	0.0203238417753375
4.35	1	9	0.0202936352124596
4.36	1	9	0.0202634667166947
4.37	1	9	0.0202333362514961
4.38	1	9	0.0202032437803342
4.39	1	9	0.0201731892666968
4.4	1	9	0.0201431726740889
4.41	1	9	0.0201131939660326
4.42	1	9	0.0200832531060677
4.43	1	9	0.0200533500577512
4.44	1	9	0.0200234847846573
4.45	1	9	0.0199936572503777
4.46	1	9	0.0199638674185215
4.47	1	9	0.0199341152527154
4.48	1	9	0.0199044007166032
4.49	1	9	0.0198747237738464
4.5	1	9	0.0198450843881239
4.51	1	9	0.0198154825231321
4.52	1	9	0.0197859181425849
4.53	1	9	0.0197563912102138
4.54	1	9	0.0197269016897677
4.55	1	9	0.0196974495450134
4.56	1	9	0.0196680347397349
4.57	1	9	0.0196386572377341
4.58	1	9	0.0196093170028303
4.59	1	9	0.0195800139988607
4.6	1	9	0.01955074818968
4.61	1	9	0.0195215195391606
4.62	1	9	0.0194923280111927
4.63	1	9	0.0194631735696841
4.64	1	9	0.0194340561785604
4.65	1	9	0.0194049758017649
4.66	1	9	0.0193759324032589
4.67	1	9	0.0193469259470213
4.68	1	9	0.0193179563970487
4.69	1	9	0.0192890237173559
4.7	1	9	0.0192601278719752
4.71	1	9	0.019231268824957
4.72	1	9	0.0192024465403694
4.73	1	9	0.0191736609822986
4.74	1	9	0.0191449121148486
4.75	1	9	0.0191161999021414
4.76	1	9	0.0190875243083168
4.77	1	9	0.019058885297533
4.78	1	9	0.0190302828339657
4.79	1	9	0.0190017168818088
4.8	1	9	0.0189731874052744
4.81	1	9	0.0189446943685925
4.82	1	9	0.0189162377360111
4.83	1	9	0.0188878174717964
4.84	1	9	0.0188594335402326
4.85	1	9	0.0188310859056222
4.86	1	9	0.0188027745322856
4.87	1	9	0.0187744993845616
4.88	1	9	0.018746260426807
4.89	1	9	0.0187180576233968
4.9	1	9	0.0186898909387242
4.91	1	9	0.0186617603372008
4.92	1	9	0.0186336657832563
4.93	1	9	0.0186056072413386
4.94	1	9	0.018577584675914
4.95	1	9	0.0185495980514669
4.96	1	9	0.0185216473325003
4.97	1	9	0.0184937324835353
4.98	1	9	0.0184658534691114
4.99	1	9	0.0184380102537866
5	1	9	0.0184102028021369
5.01	1	9	0.0183824310787572
5.02	1	9	0.0183546950482604
5.03	1	9	0.0183269946752779
5.04	1	9	0.0182993299244598
5.05	1	9	0.0182717007604744
5.06	0.965086593301309	9	0.0185351514517969
5.07	0.869708983641172	9	0.0194140175253503
5.08	0.772936937562031	9	0.0205166488676345
5.09	0.65582675050214	9	0.0222564169755254
5.09	1	10	0.0181469715729485
5.1	1	10	0.0181196788577809
5.11	1	10	0.0180924211384628
5.12	1	10	0.0180651983803394
5.13	1	10	0.018038010548774
5.14	1	10	0.0180108576091484
5.15	1	10	0.0179837395268624
5.16	1	10	0.0179566562673342
5.17	1	10	0.0179296077960002
5.18	1	10	0.0179025940783152
5.19	1	10	0.0178756150797522
5.2	1	10	0.0178486707658027
5.21	1	10	0.0178217611019764
5.22	1	10	0.0177948860538013
5.23	1	10	0.0177680455868239
5.24	1	10	0.0177412396666091
5.25	1	10	0.01771446825874
5.26	1	10	0.0176877313288185
5.27	1	10	0.0176610288424646
5.28	1	10	0.0176343607653168
5.29	1	10	0.0176077270630322
5.3	1	10	0.0175811277012862
5.31	1	10	0.0175545626457729
5.32	1	10	0.0175280318622048
5.33	1	10	0.0175015353163128
5.34	1	10	0.0174750729738465
5.35	1	10	0.0174486448005741
5.36	1	10	0.0174222507622822
5.37	1	10	0.0173958908247761
5.38	1	10	0.0173695649538796
5.39	1	10	0.0173432731154352
5.4	1	10	0.0173170152753041
5.41	1	10	0.0172907913993658
5.42	1	10	0.0172646014535188
5.43	1	10	0.0172384454036801
5.44	1	10	0.0172123232157856
5.45	1	10	0.0171862348557895
5.46	1	10	0.0171601802896651
5.47	1	10	0.0171341594834041
5.48	1	10	0.0171081724030172
5.49	1	10	0.0170822190145338
5.5	1	10	0.0170562992840019
5.51	1	10	0.0170304131774885
5.52	1	10	0.0170045606610792
5.53	1	10	0.0169787417008785
5.54	1	10	0.0169529562630098
5.55	1	10	0.0169272043136151
5.56	1	10	0.0169014858188556
5.57	1	10	0.016875800744911
5.58	1	10	0.0168501490579801
5.59	1	10	0.0168245307242804
5.6	1	10	0.0167989457100487
5.61	1	10	0.0167733939815402
5.62	1	10	0.0167478755050294
5.63	1	10	0.0167223902468095
5.64	1	10	0.0166969381731929
5.65	1	10	0.0166715192505107
5.66	1	10	0.0166461334451133
5.67	1	10	0.0166207807233698
5.68	1	10	0.0165954610516684
5.69	1	10	0.0165701743964164
5.7	1	10	0.0165449207240401
5.71	1	10	0.0165197000009848
5.72	1	10	0.0164945121937148
5.73	1	10	0.0164693572687137
5.74	1	10	0.0164442351924841
5.75	1	10	0.0164191459315474
5.76	1	10	0.0163940894524446
5.77	1	10	0.0163690657217355
5.78	1	10	0.0163440747059991
5.79	1	10	0.0163191163718336
5.8	1	10	0.0162941906858563
5.81	1	10	0.0162692976147037
5.82	1	10	0.0162444371250315
5.83	1	10	0.0162196091835147
5.84	1	10	0.0161948137568472
5.85	1	10	0.0161700508117425
5.86	1	10	0.0161453203149331
5.87	1	10	0.0161206222331708
5.88	1	10	0.0160959565332268
5.89	1	10	0.0160713231818912
5.9	1	10	0.0160467221459739
5.91	1	10	0.0160221533923036
5.92	1	10	0.0159976168877287
5.93	1	10	0.0159731125991167
5.94	1	10	0.0159486404933545
5.95	1	10	0.0159242005373483
5.96	1	10	0.0158997926980237
5.97	1	10	0.0158754169423258
5.98	1	10	0.0158510732372188
5.99	1	10	0.0158267615496864
6	1	10	0.0158024818467319
6.01	1	10	0.0157782340953777
6.02	1	10	0.0157540182626659
6.03	1	10	0.0157298343156578
6.04	1	10	0.0157056822214344
6.05	1	10	0.0156815619470959
6.06	1	10	0.0156574734597622
6.07	1	10	0.0156334167265726
6.08	1	10	0.0156093917146858
6.09	1	10	0.0155853983912801
6.1	1	10	0.0155614367235533
6.11	1	10	0.0155375066787228
6.12	1	10	0.0155136082240255
6.13	1	10	0.0154897413267177
6.14	1	10	0.0154659059540754
6.15	1	10	0.0154421020733943
6.16	1	10	0.0154183296519895
6.17	1	10	0.0153945886571956
6.18	1	10	0.0153708790563671
6.19	1	10	0.0153472008168779
6.2	1	10	0.0153235539061215
6.21	1	10	0.0152999382915114
6.22	1	10	0.0152763539404802
6.23	1	10	0.0152528008204805
6.24	1	10	0.0152292788989846
6.25	1	10	0.0152057881434844
6.26	1	10	0.0151823285214913
6.27	1	10	0.0151589000005367
6.28	1	10	0.0151355025481716
6.29	1	10	0.0151121361319667
6.3	1	10	0.0150888007195125
6.31	1	10	0.015065496278419
6.32	1	10	0.0150422227763164
6.33	1	10	0.0150189801808542
6.34	1	10	0.014995768459702
6.35	1	10	0.014972587580549
6.36	1	10	0.0149494375111043
6.37	1	10	0.0149263182190967
6.38	1	10	0.0149032296722749
6.39	1	10	0.0148801718384075
6.4	1	10	0.0148571446852827
6.41	1	10	0.0148341481807087
6.42	1	10	0.0148111822925136
6.43	1	10	0.0147882469885452
6.44	1	10	0.0147653422366713
6.45	1	10	0.0147424680047796
6.46	1	10	0.0147196242607776
6.47	1	10	0.0146968109725928
6.48	1	10	0.0146740281081724
6.49	1	10	0.0146512756354837
6.5	1	10	0.0146285535225141
6.51	1	10	0.0146058617372706
6.52	1	10	0.0145832002477802
6.53	1	10	0.0145605690220902
6.54	1	10	0.0145379680282674
6.55	1	10	0.0145153972343989
6.56	1	10	0.0144928566085917
6.57	1	10	0.0144703461189727
6.58	1	10	0.0144478657336889
6.59	1	10	0.0144254154209074
6.6	1	10	0.0144029951488151
6.61	1	10	0.0143806048856191
6.62	1	10	0.0143582445995465
6.63	1	10	0.0143359142588444
6.64	1	10	0.01431361383178
6.65	1	10	0.0142913432866406
6.66	1	10	0.0142691025917336
6.67	1	10	0.0142468917153864
6.68	1	10	0.0142247106259464
6.69	1	10	0.0142025592917814
6.7	1	10	0.014180437681279
6.71	1	10	0.0141583457628472
6.72	0.951270376798323	10	0.0144905878446398
6.73	0.904552873079748	10	0.01484223072691
6.74	0.860005660890416	10	0.0152121892470643
6.75	0.817413505850829	10	0.0156023732041171
6.76	0.776434683918697	10	0.0160166236134946
6.77	0.736747352147416	10	0.0164597572325859
6.78	0.697961568060283	10	0.0169389712401579
6.79	0.659668849351167	10	0.0174640035733863
6.8	0.621229304706295	10	0.0180515768522294
6.81	0.58163759681332	10	0.0187313345669709
6.82	0.53876189102989	10	0.0195693961902675
6.83	0.484690074256339	10	0.0208133158074308
6.83	1	11	0.0139037429247946
6.84	1	11	0.0138821335817462
6.85	1	11	0.0138605532053987
6.86	1	11	0.0138390017649304
6.87	1	11	0.0138174792295395
6.88	1	11	0.0137959855684441
6.89	1	11	0.0137745207508821
6.9	1	11	0.0137530847461112
6.91	1	11	0.013731677523409
6.92	1	11	0.0137102990520733
6.93	1	11	0.0136889493014212
6.94	1	11	0.0136676282407901
6.95	1	11	0.0136463358395371
6.96	1	11	0.0136250720670395
6.97	1	11	0.0136038368926942
6.98	1	11	0.0135826302859181
6.99	1	11	0.0135614522161481
7	1	11	0.013540302652841
7.01	1	11	0.0135191815654736
7.02	1	11	0.0134980889235425
7.03	1	11	0.0134770246965645
7.04	1	11	0.013455988854076
7.05	1	11	0.0134349813656338
7.06	1	11	0.0134140022008144
7.07	1	11	0.0133930513292142
7.08	1	11	0.01337212872045
7.09	1	11	0.0133512343441582
7.1	1	11	0.0133303681699954
7.11	1	11	0.0133095301676382
7.12	1	11	0.013288720306783
7.13	1	11	0.0132679385571467
7.14	1	11	0.0132471848884657
7.15	1	11	0.0132264592704969
7.16	1	11	0.0132057616730168
7.17	1	11	0.0131850920658224
7.18	1	11	0.0131644504187304
7.19	1	11	0.0131438367015778
7.2	1	11	0.0131232508842216
7.21	1	11	0.0131026929365388
7.22	1	11	0.0130821628284266
7.23	1	11	0.0130616605298022
7.24	1	11	0.0130411860106029
7.25	1	11	0.0130207392407863
7.26	1	11	0.0130003201903298
7.27	1	11	0.0129799288292311
7.28	1	11	0.0129595651275081
7.29	1	11	0.0129392290551987
7.3	1	11	0.0129189205823608
7.31	1	11	0.0128986396790727
7.32	1	11	0.0128783863154329
7.33	1	11	0.0128581604615596
7.34	1	11	0.0128379620875918
7.35	1	11	0.012817791163688
7.36	1	11	0.0127976476600274
7.37	1	11	0.0127775315468091
7.38	1	11	0.0127574427942524
7.39	1	11	0.012737381372597
7.4	1	11	0.0127173472521026
7.41	1	11	0.012697340403049
7.42	1	11	0.0126773607957364
7.43	1	11	0.0126574084004852
7.44	1	11	0.0126374831876359
7.45	1	11	0.0126175851275494
7.46	1	11	0.0125977141906066
7.47	1	11	0.0125778703472088
7.48	1	11	0.0125580535677774
7.49	1	11	0.0125382638227543
7.5	1	11	0.0125185010826013
7.51	1	11	0.0124987653178008
7.52	1	11	0.0124790564988552
7.53	1	11	0.0124593745962872
7.54	1	11	0.0124397195806399
7.55	1	11	0.0124200914224765
7.56	1	11	0.0124004900923808
7.57	1	11	0.0123809155609564
7.58	1	11	0.0123613677988276
7.59	1	11	0.0123418467766389
7.6	1	11	0.0123223524650548
7.61	1	11	0.0123028848347606
7.62	1	11	0.0122834438564616
7.63	1	11	0.0122640295008834
7.64	1	11	0.012244641738772
7.65	1	11	0.0122252805408938
7.66	1	11	0.0122059458780354
7.67	1	11	0.0121866377210038
7.68	1	11	0.0121673560406263
7.69	1	11	0.0121481008077505
7.7	1	11	0.0121288719932444
7.71	1	11	0.0121096695679965
7.72	1	11	0.0120904935029154
7.73	1	11	0.0120713437689302
7.74	1	11	0.0120522203369904
7.75	1	11	0.0120331231780656
7.76	1	11	0.0120140522631462
7.77	1	11	0.0119950075632427
7.78	1	11	0.011975989049386
7.79	1	11	0.0119569966926275
7.8	1	11	0.0119380304640388
7.81	1	11	0.0119190903347121
7.82	1	11	0.0119001762757599
7.83	1	11	0.0118812882583151
7.84	1	11	0.0118624262535311
7.85	1	11	0.0118435902325815
7.86	1	11	0.0118247801666605
7.87	1	11	0.0118059960269827
7.88	1	11	0.0117872377847831
7.89	1	11	0.011768505411317
7.9	1	11	0.0117497988778604
7.91	1	11	0.0117311181557095
7.92	1	11	0.0117124632161811
7.93	1	11	0.0116938340306122
7.94	1	11	0.0116752305703606
7.95	1	11	0.0116566528068043
7.96	1	11	0.0116381007113417
7.97	1	11	0.0116195742553919
7.98	1	11	0.0116010734103943
7.99	1	11	0.0115825981478087
8	1	11	0.0115641484391156
8.01	1	11	0.0115457242558158
8.02	1	11	0.0115273255694305
8.03	1	11	0.0115089523515016
8.04	1	11	0.0114906045735913
8.05	1	11	0.0114722822072824
8.06	1	11	0.0114539852241781
8.07	1	11	0.0114357135959022
8.08	1	11	0.0114174672940988
8.09	1	11	0.0113992462904326
8.1	1	11	0.011381050556589
8.11	1	11	0.0113628800642736
8.12	1	11	0.0113447347852126
8.13	1	11	0.0113266146911528
8.14	1	11	0.0113085197538614
8.15	1	11	0.0112904499451263
8.16	0.972327105378444	11	0.0114439472422629
8.17	0.940495869594975	11	0.011635224975097
8.18	0.910012442005996	11	0.0118307879501766
8.19	0.880758891776896	11	0.0120309986906991
8.2	0.852641145186572	11	0.0122361487907179
8.21	0.825571991481624	11	0.0124465656568705
8.22	0.799470265104953	11	0.0126626174821406
8.23	0.774260040769	11	0.0128847197552329
8.24	0.749869823639662	11	0.0131133438195837
8.25	0.7262317095355	11	0.0133490282256611
8.26	0.703280478468979	11	0.0135923939836279
8.27	0.680952566346445	11	0.0138441654105446
8.28	0.659184829471234	11	0.0141051992365461
8.29	0.637912966213079	11	0.0143765262787494
8.3	0.617069374283147	11	0.0146594128573559
8.31	0.596580070981959	11	0.014955454281678
8.32	0.576360037542641	11	0.0152667221976417
8.33	0.556366877458976	11	0.0155949054610491
8.34	0.536389327112227	11	0.0159451902911825
8.35	0.516381208686244	11	0.0163205416965596
8.36	0.496120484332119	11	0.0167282680433123
8.37	0.47535173527705	11	0.0171781620987835
8.38	0.453584459022267	11	0.0176883988422504
8.39	0.429959052248144	11	0.0182925774457437
8.4	0.402048807323513	11	0.0190837144481113
8.4	1	12	0.0108675449730194
8.41	1	12	0.0108501779847561
8.42	1	12	0.0108328351575315
8.43	1	12	0.0108155164641023
8.44	1	12	0.0107982218772455
8.45	1	12	0.0107809513697583
8.46	1	12	0.0107637049144577
8.47	1	12	0.0107464824841814
8.48	1	12	0.010729284051787
8.49	1	12	0.0107121095901522
8.5	1	12	0.0106949590721751
8.51	1	12	0.0106778324707738
8.52	1	12	0.0106607297588868
8.53	1	12	0.0106436509094725
8.54	1	12	0.0106265958955096
8.55	1	12	0.0106095646899973
8.56	1	12	0.0105925572659545
8.57	1	12	0.0105755735964205
8.58	1	12	0.0105586136544549
8.59	1	12	0.0105416774131375
8.6	1	12	0.010524764845568
8.61	1	12	0.0105078759248666
8.62	1	12	0.0104910106241737
8.63	1	12	0.0104741689166496
8.64	1	12	0.0104573507754752
8.65	1	12	0.0104405561738514
8.66	1	12	0.0104237850849992
8.67	1	12	0.01040703748216
8.68	1	12	0.0103903133385953
8.69	1	12	0.0103736126275869
8.7	1	12	0.0103569353224368
8.71	1	12	0.0103402813964671
8.72	1	12	0.0103236508230202
8.73	1	12	0.0103070435754587
8.74	1	12	0.0102904596271654
8.75	1	12	0.0102738989515433
8.76	1	12	0.0102573615220158
8.77	1	12	0.0102408473120262
8.78	1	12	0.0102243562950382
8.79	1	12	0.0102078884445358
8.8	1	12	0.0101914437340231
8.81	1	12	0.0101750221370243
8.82	1	12	0.0101586236270842
8.83	1	12	0.0101422481777674
8.84	1	12	0.010125895762659
8.85	1	12	0.0101095663553643
8.86	1	12	0.0100932599295086
8.87	1	12	0.0100769764587377
8.88	1	12	0.0100607159167175
8.89	1	12	0.0100444782771342
8.9	1	12	0.010028263513694
8.91	1	12	0.0100120716001237
8.92	1	12	0.00999590251017003
8.93	1	12	0.00997975621760003
8.94	1	12	0.009963632696201
8.95	1	12	0.00994753191978046
8.96	1	12	0.00993145386216613
8.97	1	12	0.00991539849720601
8.98	1	12	0.00989936579876831
8.99	1	12	0.00988335574074145
9	1	12	0.00986736829703408
9.01	1	12	0.00985140344157513
9.02	1	12	0.00983546114831371
9.03	1	12	0.00981954139121917
9.04	1	12	0.0098036441442811
9.05	1	12	0.00978776938150936
9.06	1	12	0.00977191707693397
9.07	1	12	0.00975608720460521
9.08	1	12	0.00974027973859362
9.09	1	12	0.00972449465298994
9.1	1	12	0.00970873192190515
9.11	1	12	0.00969299151947044
9.12	1	12	0.00967727341983729
9.13	1	12	0.00966157759717736
9.14	1	12	0.00964590402568256
9.15	1	12	0.00963025267956501
9.16	1	12	0.00961462353305709
9.17	1	12	0.0095990165604114
9.18	1	12	0.00958343173590075
9.19	1	12	0.00956786903381821
9.2	1	12	0.00955232842847706
9.21	1	12	0.0095368098942108
9.22	1	12	0.0095213134053732
9.23	1	12	0.00950583893633823
9.24	1	12	0.00949038646150005
9.25	1	12	0.00947495595527311
9.26	1	12	0.00945954739209209
9.27	1	12	0.00944416074641182
9.28	1	12	0.00942879599270741
9.29	1	12	0.00941345310547421
9.3	1	12	0.00939813205922775
9.31	1	12	0.00938283282850382
9.32	1	12	0.00936755538785839
9.33	1	12	0.0093522997118677
9.34	1	12	0.00933706577512819
9.35	1	12	0.0093218535522565
9.36	1	12	0.00930666301788952
9.37	1	12	0.00929149414668437
9.38	1	12	0.00927634691331831
9.39	1	12	0.00926122129248892
9.4	1	12	0.00924611725891394
9.41	1	12	0.00923103478733131
9.42	1	12	0.00921597385249921
9.43	0.991123393329838	12	0.00924848550706237
9.44	0.966775065279342	12	0.00936823168255639
9.45	0.94327121003441	12	0.00948969072856726
9.46	0.92057052405122	12	0.00961287236227932
9.47	0.898627786713905	12	0.00973782870008835
9.48	0.877400600489424	12	0.00986461678313123
9.49	0.856849199105014	12	0.00999329865628708
9.5	0.836875229980391	12	0.0101244007638706
9.51	0.817565721310244	12	0.0102570981857943
9.52	0.798826705902795	12	0.0103919077189023
9.53	0.780627204331769	12	0.0105289131365987
9.54	0.762938039461123	12	0.0106682043654147
9.55	0.745731692642305	12	0.0108098779364632
9.56	0.728980859828924	12	0.0109540503417124
9.57	0.712663404652484	12	0.011100809482494
9.58	0.696756388012748	12	0.0112502696635224
9.59	0.68123456655986	12	0.0114025922590689
9.6	0.666078174110815	12	0.011557903267411
9.61	0.651266886529537	12	0.0117163558154034
9.62	0.636781139919577	12	0.0118781171880297
9.63	0.622649737771086	12	0.012042743458039
9.64	0.608763863169	12	0.0122115963024277
9.65	0.595146623265929	12	0.0123843831309244
9.66	0.581780268898468	12	0.0125613554525943
9.67	0.568647119861843	12	0.0127427953194268
9.68	0.555729314551144	12	0.0129290223201526
9.69	0.543008455244254	12	0.0131204036268403
9.7	0.530465269364698	12	0.0133173656958104
9.71	0.518079037208304	12	0.0135204123957748
9.72	0.505826982917709	12	0.0137301474331812
9.73	0.493683569779014	12	0.0139473030701185
9.74	0.481619380692174	12	0.0141727831103279
9.75	0.469660538722552	12	0.0144064089876946
9.76	0.45765762125227	12	0.0146518743979093
9.77	0.445665911282545	12	0.0149086670400242
9.78	0.43360800623849	12	0.0151793639415989
9.79	0.421419940543078	12	0.0154665950179557
9.8	0.409036495202579	12	0.0157734220271018
9.81	0.396319747323544	12	0.0161054414746337
9.82	0.383101842692705	12	0.0164701385282532
9.83	0.369143979236468	12	0.016878664057698
9.84	0.353827926875942	12	0.0173572618386731
9.85	0.335953907990851	12	0.0179598950002947
9.86	0.309091584362847	12	0.0189673482698781
9.86	1	13	0.00860164315292283
9.87	1	13	0.00858755726706758
9.88	1	13	0.00857349162041114
9.89	1	13	0.00855944618898683
9.9	1	13	0.00854542094884777
9.91	1	13	0.00853141587606681
9.92	1	13	0.00851743094673649
9.93	1	13	0.00850346613696909
9.94	1	13	0.00848952142289666
9.95	1	13	0.00847559678067092
9.96	1	13	0.00846169218646331
9.97	1	13	0.00844780761646506
9.98	1	13	0.00843394304688704
9.99	1	13	0.00842009845395984
10	1	13	0.00840627381393383
10.01	1	13	0.008392469103079
10.02	1	13	0.00837868429768509
10.03	1	13	0.00836491937406158
10.04	1	13	0.00835117430853756
10.05	1	13	0.0083374490774619
10.06	1	13	0.00832374365720315
10.07	1	13	0.00831005802414952
10.08	1	13	0.00829639215470893
10.09	1	13	0.00828274602530902
10.1	1	13	0.00826911961239706
10.11	1	13	0.00825551289244002
10.12	1	13	0.00824192584192459
10.13	1	13	0.00822835843735709
10.14	1	13	0.00821481065526354
10.15	1	13	0.00820128247218962
10.16	1	13	0.00818777386470068
10.17	1	13	0.00817428480938173
10.18	1	13	0.00816081528283745
10.19	1	13	0.0081473652616922
10.2	1	13	0.00813393472258997
10.21	1	13	0.00812052364219441
10.22	1	13	0.00810713199718882
10.23	1	13	0.00809375976427615
10.24	1	13	0.00808040692017901
10.25	1	13	0.00806707344163962
10.26	1	13	0.00805375930541987
10.27	1	13	0.00804046448830128
10.28	1	13	0.00802718896708498
10.29	1	13	0.00801393271859175
10.3	1	13	0.008000695719662
10.31	1	13	0.00798747794715574
10.32	1	13	0.00797427937795264
10.33	1	13	0.00796109998895194
10.34	1	13	0.00794793975707252
10.35	1	13	0.00793479865925287
10.36	1	13	0.00792167667245108
10.37	1	13	0.00790857377364483
10.38	1	13	0.00789548993983144
10.39	1	13	0.00788242514802779
10.4	1	13	0.00786937937527036
10.41	1	13	0.00785635259861522
10.42	1	13	0.00784334479513805
10.43	1	13	0.00783035594193406
10.44	1	13	0.0078173860161181
10.45	1	13	0.00780443499482457
10.46	1	13	0.00779150285520742
10.47	1	13	0.00777858957444019
10.48	1	13	0.00776569512971599
10.49	1	13	0.00775281949824748
10.5	1	13	0.00773996265726688
10.51	1	13	0.00772712458402598
10.52	1	13	0.00771430525579608
10.53	1	13	0.00770150464986806
10.54	1	13	0.00768872274355235
10.55	1	13	0.00767595951417888
10.56	1	13	0.00766321493909715
10.57	0.994975315864816	13	0.00767433489337614
10.58	0.975521820075472	13	0.00775619659172464
10.59	0.956636249925882	13	0.0078388804758699
10.6	0.938295476952452	13	0.00792238491442877
10.61	0.920474973700363	13	0.00800672262014424
10.62	0.903151461391714	13	0.00809190767327084
10.63	0.886302854022882	13	0.00817795544549135
10.64	0.869847141264089	13	0.00826526261762567
10.65	0.853886492460866	13	0.00835310139299261
10.66	0.83834096362713	13	0.00844185735959146
10.67	0.823186748010135	13	0.00853159173232634
10.68	0.808405723464729	13	0.00862233845585419
10.69	0.793988603744779	13	0.00871407465534438
10.7	0.779920325345952	13	0.0088068224329485
10.71	0.766186566540732	13	0.00890060494969212
10.72	0.752773697285672	13	0.00899544650066764
10.73	0.739668733392148	13	0.00909137259110446
10.74	0.726859293560347	13	0.0091884100220412
10.75	0.714333559387335	13	0.00928658698330934
10.76	0.702080237999029	13	0.0093859331552961
10.77	0.690088527270464	13	0.00948647981840822
10.78	0.678348082086865	13	0.00958825998414793
10.79	0.666848984618707	13	0.00969130851851133
10.8	0.655581714247855	13	0.00979566229908412
10.81	0.644537119992524	13	0.00990136037877387
10.82	0.633706394059639	13	0.0100084441695697
10.83	0.623081046539744	13	0.010116957647007
10.84	0.612652881071585	13	0.0102269475782273
10.85	0.602413971304223	13	0.0103384637770148
10.86	0.592331091622161	13	0.0104518900151845
10.87	0.58245283227105	13	0.0105665660650725
10.88	0.572739326383579	13	0.0106829644340648
10.89	0.563183672878742	13	0.010801150488847
10.9	0.553779132424977	13	0.0109211942727855
10.91	0.544519154030455	13	0.0110431702726088
10.92	0.535397345188108	13	0.0111671579896172
10.93	0.526407439282037	13	0.011293242635986
10.94	0.517604294763061	13	0.0114205094118929
10.95	0.508859714354497	13	0.0115510402731313
10.96	0.500228609352053	13	0.0116839665919752
10.97	0.491704812157582	13	0.0118194069525088
10.98	0.483282044572922	13	0.0119574923352809
10.99	0.474953848851485	13	0.0120983684767265
11	0.466713519978844	13	0.012242198522937
11.01	0.458553980412443	13	0.0123891672011323
11.02	0.450467681505583	13	0.0125394850325489
11.03	0.442446453242916	13	0.0126933942276238
11.04	0.43448134110409	13	0.0128511757071889
11.05	0.426562436050402	13	0.013013157279419
11.06	0.41867861192851	13	0.0131797251634062
11.07	0.410817182188889	13	0.013351339209012
11.08	0.403024385426295	13	0.0135270229171983
11.09	0.39517469098898	13	0.0137101097020803
11.1	0.387334109830672	13	0.0138992256174907
11.11	0.379464813678896	13	0.0140956577670035
11.12	0.371545703681073	13	0.0143003631727139
11.13	0.363550666465788	13	0.014514546183638
11.14	0.355465434436775	13	0.0147391811303544
11.15	0.347226295028697	13	0.0149768979144443
11.16	0.33878879163875	13	0.0152300292547673
11.17	0.330076851985521	13	0.0155022696888095
11.18	0.32103595796131	13	0.0157970575232514
11.19	0.311378261300579	13	0.0161268829609578
11.2	0.300929097164011	13	0.01650200078917
11.21	0.288965188460459	13	0.016956787097002
11.22	0.273538491946369	13	0.0175865851345848
11.22	1	14	0.00689261655318005
11.23	1	14	0.00688108410836898
11.24	1	14	0.00686956870724137
11.25	1	14	0.00685807032875318
11.26	1	14	0.00684658895187923
11.27	1	14	0.00683512455561319
11.28	1	14	0.00682367711896755
11.29	1	14	0.00681224662097361
11.3	1	14	0.00680083304068156
11.31	1	14	0.00678943635716035
11.32	1	14	0.00677805654949776
11.33	1	14	0.0067666935968004
11.34	1	14	0.00675534747819364
11.35	1	14	0.0067440181728217
11.36	1	14	0.00673270565984755
11.37	1	14	0.00672140991845297
11.38	1	14	0.00671013092783854
11.39	1	14	0.00669886866722358
11.4	1	14	0.00668762311584619
11.41	1	14	0.00667639425296325
11.42	1	14	0.0066651820578504
11.43	1	14	0.00665398650980205
11.44	1	14	0.00664280758813131
11.45	1	14	0.00663164527217006
11.46	1	14	0.00662049954126897
11.47	1	14	0.00660937037479735
11.48	1	14	0.00659825775214331
11.49	1	14	0.00658716165271365
11.5	1	14	0.00657608205593391
11.51	1	14	0.00656501894124833
11.52	1	14	0.00655397228811981
11.53	1	14	0.00654294207603004
11.54	1	14	0.00653192828447933
11.55	1	14	0.00652093089298672
11.56	1	14	0.00650994988108991
11.57	1	14	0.00649898522834529
11.58	1	14	0.00648803691432791
11.59	1	14	0.0064771049186315
11.6	0.998723392176671	14	0.00647160656537646
11.61	0.982570435494901	14	0.00653043489194412
11.62	0.966774839164559	14	0.00658992513756856
11.63	0.951394997545326	14	0.00664975630019365
11.64	0.93639172267953	14	0.00671003921182977
11.65	0.921750961553935	14	0.00677077759927962
11.66	0.907459260540125	14	0.00683197568665121
11.67	0.89350373531895	14	0.00689363820586285
11.68	0.879811026032164	14	0.00695610443117569
11.69	0.866491394154167	14	0.00701872202964963
11.7	0.853472500839875	14	0.00708182116344258
11.71	0.840731206288609	14	0.00714548212967952
11.72	0.828266830879487	14	0.00720965874158367
11.73	0.816071276125598	14	0.00727434832632266
11.74	0.804135254219879	14	0.00733955782566054
11.75	0.792449880916047	14	0.00740529440399578
11.76	0.781006653054549	14	0.00747156545864651
11.77	0.769797427544658	14	0.00753837863063145
11.78	0.758814401690081	14	0.00760574181599079
11.79	0.74805009475391	14	0.00767366317770282
11.8	0.73749733065945	14	0.00774215115832102
11.81	0.727149221797401	14	0.00781121449294982
11.82	0.716999153741968	14	0.00788086222351432
11.83	0.707040770916407	14	0.00795110371354553
11.84	0.697267963085724	14	0.00802194866396496
11.85	0.687674852624669	14	0.00809340712987825
11.86	0.678255782503092	14	0.00816548953847663
11.87	0.669005304935702	14	0.00823820670814786
11.88	0.659918170647186	14	0.00831156986890832
11.89	0.650989318706767	14	0.00838559068428197
11.9	0.642213867589292	14	0.00846028126770852
11.91	0.633587103274473	14	0.0085356542352691
11.92	0.625104474606195	14	0.00861172269238811
11.93	0.616761582353447	14	0.00868850028922686
11.94	0.60855417196696	14	0.00876600124563578
11.95	0.600478126037688	14	0.0088442403849828
11.96	0.592529457276193	14	0.00892323316838945
11.97	0.584704300305297	14	0.00900299574942126
11.98	0.576998908676546	14	0.00908354497335013
11.99	0.569424356452463	14	0.00916471291437328
12	0.561960590946811	14	0.00924671784445142
12.01	0.554543302828451	14	0.00933038623087295
12.02	0.547291163303485	14	0.00941414425726081
12.03	0.540139757769408	14	0.00949880499815037
12.04	0.533083887566432	14	0.00958442115121178
12.05	0.52612050102854	14	0.00967101921453787
12.06	0.519250351635191	14	0.00975857133092766
12.07	0.512470470169447	14	0.00984710355227689
12.08	0.505777947409066	14	0.00993664334844162
12.09	0.499169928874486	14	0.0100272197176596
12.1	0.492643609460643	14	0.0101188633095905
12.11	0.486196228349098	14	0.0102116065554194
12.12	0.479822043931745	14	0.010305535537741
12.13	0.473519095582442	14	0.0104006775507572
12.14	0.467286526843866	14	0.0104970418243351
12.15	0.461121886330863	14	0.0105946668511424
12.16	0.455022740912645	14	0.010693593484816
12.17	0.44904768919589	14	0.0107926937421213
12.18	0.443072221207475	14	0.0108943309524936
12.19	0.43715491249151	14	0.010997410005012
12.2	0.431293269111338	14	0.0111019852207728
12.21	0.425484746741391	14	0.0112081155481828
12.22	0.419726735283701	14	0.0113158651986636
12.23	0.414016526808557	14	0.0114253047111012
12.24	0.408351310640919	14	0.0115365115230737
12.25	0.402728133707555	14	0.0116495713839276
12.26	0.397143872868868	14	0.0117645796417939
12.27	0.391595198866258	14	0.0118816428625854
12.28	0.386099274699127	14	0.0120003703997835
12.29	0.380590007830239	14	0.0121224284564382
12.3	0.375125420194883	14	0.0122464385988834
12.31	0.369680175550746	14	0.01237308471012
12.32	0.364249196953732	14	0.0125025652575549
12.33	0.358826733789246	14	0.0126351112001277
12.34	0.353467585038452	14	0.0127692609772602
12.35	0.348044202479798	14	0.012908677563464
12.36	0.342640155002066	14	0.0130511254071791
12.37	0.337226438782466	14	0.0131975528458719
12.38	0.331795524497887	14	0.0133483276870097
12.39	0.326338690027772	14	0.0135038830160918
12.4	0.320845661896273	14	0.0136647355747931
12.41	0.315304110343853	14	0.0138315115266159
12.42	0.309721326811704	14	0.0140042169865209
12.43	0.304048400377234	14	0.0141848167815479
12.44	0.298277407517059	14	0.0143739910203063
12.45	0.292380971164332	14	0.0145731936242991
12.46	0.28632232642713	14	0.0147843749582915
12.47	0.280110758808902	14	0.0150078800363278
12.48	0.273553978108046	14	0.0152521929874106
12.49	0.266669018379127	14	0.0155181157741944
12.5	0.259197399534447	14	0.0158183891052554
12.51	0.250940882116984	14	0.0161648834655271
12.52	0.241045343519619	14	0.016602117279122
12.53	0.226008664577969	14	0.0173161418064959
12.53	1	15	0.00555073002979538
12.54	1	15	0.00554125780529624
12.55	0.986744792794267	15	0.00558329915720663
12.56	0.973250973497981	15	0.0056276819581244
12.57	0.960047209166048	15	0.00567234355075526
12.58	0.947124187863266	15	0.00571728499373777
12.59	0.934499187697762	15	0.00576239214249189
12.6	0.922122346594115	15	0.0058078432864785
12.61	0.910002163590833	15	0.00585356740498637
12.62	0.898130554708645	15	0.00589956597680658
12.63	0.886438696436445	15	0.00594613907918417
12.64	0.875041155708358	15	0.00599269962513286
12.65	0.863869668005958	15	0.00603954038804739
12.66	0.852905283620267	15	0.00608672690841451
12.67	0.842150549077943	15	0.0061342163364533
12.68	0.831600660951163	15	0.0061820032466658
12.69	0.821249519989529	15	0.00623009020599087
12.7	0.811091260746353	15	0.00627847983970813
12.71	0.801120240285019	15	0.00632717483353301
12.72	0.791331027532492	15	0.00637617793576261
12.73	0.781718393183645	15	0.00642549195980917
12.74	0.772277300426474	15	0.0064751197851877
12.75	0.763002895702053	15	0.00652506436161824
12.76	0.753890500431031	15	0.00657532871026535
12.77	0.74493560297343	15	0.00662591592644522
12.78	0.736133851063472	15	0.00667682918213799
12.79	0.727481044648147	15	0.00672807172857972
12.8	0.718973129103624	15	0.00677964689894314
12.81	0.710606188805765	15	0.0068315581111142
12.82	0.702376441032327	15	0.00688380887057506
12.83	0.694280230176311	15	0.00693640277340211
12.84	0.686314022250996	15	0.00698934350939069
12.85	0.678474399668937	15	0.00704263486531595
12.86	0.670758056277982	15	0.00709628072834311
12.87	0.663161792638825	15	0.00715028508959856
12.88	0.65568251152968	15	0.00720465204791352
12.89	0.64831721366407	15	0.00725938581375739
12.9	0.641062993609712	15	0.0073144907133694
12.91	0.633917035896061	15	0.00736997119310834
12.92	0.626876611299754	15	0.00742583182403335
12.93	0.619939073297602	15	0.00748207730673181
12.94	0.613101854677109	15	0.00753871247641427
12.95	0.606362464295899	15	0.00759574230829024
12.96	0.59971848398098	15	0.00765317192324875
12.97	0.593167565560212	15	0.00771100659385995
12.98	0.586707428018132	15	0.00776925175072234
12.99	0.580335854769094	15	0.00782791298917736
13	0.574050691041068	15	0.00788699607641526
13.01	0.567849841363497	15	0.00794650695900055
13.02	0.561731267527976	15	0.00800645176641856
13.03	0.555692984765297	15	0.00806683683716988
13.04	0.549733061765608	15	0.00812766870136073
13.05	0.543828931556027	15	0.00818921341782109
13.06	0.538019260359479	15	0.00825097561575677
13.07	0.532315778651547	15	0.0083127715368546
13.08	0.526665177468937	15	0.00837526848895171
13.09	0.521021649674437	15	0.00843908566126212
13.1	0.515505587095751	15	0.00850259406488967
13.11	0.510053238196055	15	0.00856662955672757
13.12	0.50465642167855	15	0.00863129721227146
13.13	0.499322604175587	15	0.00869648136042469
13.14	0.494050267778941	15	0.00876219124802373
13.15	0.488837926893875	15	0.00882843647103989
13.16	0.483684126706146	15	0.00889522699303825
13.17	0.478587441674202	15	0.0089625731649859
13.18	0.473546474043328	15	0.00903048574651562
13.19	0.468559852375952	15	0.00909897592880252
13.2	0.463626230092638	15	0.00916805535922066
13.21	0.458744284032712	15	0.00923773616771915
13.22	0.453912713005519	15	0.00930803099549263
13.23	0.449130236345545	15	0.00937895302585572
13.24	0.444395592466524	15	0.00945051601752619
13.25	0.439707537403803	15	0.00952273434064753
13.26	0.435064843341745	15	0.00959562301577591
13.27	0.430466297120481	15	0.00966919775612079
13.28	0.425910698716041	15	0.00974347501335776
13.29	0.421393313461788	15	0.00981854163406718
13.3	0.416913892484001	15	0.00989440089331822
13.31	0.412473868092664	15	0.00997102171671202
13.32	0.408072172561828	15	0.0100484221892817
13.33	0.403707739884383	15	0.0101266213593337
13.34	0.399440537845123	15	0.0102043299072392
13.35	0.395147424100727	15	0.0102841646363551
13.36	0.39088835357975	15	0.0103648617216805
13.37	0.386662234042701	15	0.0104464452303209
13.38	0.382467957105781	15	0.0105289408570714
13.39	0.378304393744444	15	0.0106123761118632
13.4	0.374170389379593	15	0.010696780531561
13.41	0.370064758484528	15	0.0107821859196506
13.42	0.365986278640489	15	0.0108686266179589
13.43	0.361933683957015	15	0.0109561398152576
13.44	0.357905657758836	15	0.0110447658984676
13.45	0.353900824424122	15	0.0111345488532097
13.46	0.349917740238349	15	0.0112255367217018
13.47	0.345954883103533	15	0.011317782127513
13.48	0.34201064091248	15	0.011411342878541
13.49	0.338083298403264	15	0.0115062826606759
13.5	0.334171028275921	15	0.011602671666553
13.51	0.330271869801746	15	0.011700587632996
13.52	0.326383752567476	15	0.0118001156404249
13.53	0.322504411327458	15	0.0119013511259842
13.54	0.318631393366682	15	0.012004400378715
13.55	0.314762020354487	15	0.0121093824668393
13.56	0.310954395154927	15	0.0122145046960572
13.57	0.307085540929807	15	0.012323660967556
13.58	0.303234324724233	15	0.0124344251344075
13.59	0.299380414588259	15	0.0125474929630182
13.6	0.295520810616801	15	0.012663021531273
13.61	0.291652174508482	15	0.0127811882925104
13.62	0.287770756474784	15	0.0129021951727699
13.63	0.283872232264852	15	0.0130262762913378
13.64	0.279951823503931	15	0.0131536961508085
13.65	0.276003809517289	15	0.0132847701739319
13.66	0.272045639090927	15	0.0134189551682636
13.67	0.268032317165752	15	0.0135580731590274
13.68	0.263971822659953	15	0.0137019974269591
13.69	0.259854112484908	15	0.0138513084332061
13.7	0.255666800661316	15	0.0140067226029086
13.71	0.25139424736983	15	0.014169143730381
13.72	0.247016144864836	15	0.0143397425510355
13.73	0.242549045977549	15	0.0145181699456219
13.74	0.237900827674586	15	0.0147088897096702
13.75	0.233069928413284	15	0.0149126239827901
13.76	0.227916349280727	15	0.0151366438618503
13.77	0.222476013195426	15	0.0153804866106279
13.78	0.216475626452809	15	0.015658947435669
13.79	0.209551994010831	15	0.0159932400342192
13.8	0.200693156280524	15	0.0164423486804291
13.8	0.655781799119884	16	0.00628827237369345
13.81	0.649493236297519	16	0.00632995686683294
13.82	0.643289163547033	16	0.0063718627715975
13.83	0.637167746253852	16	0.00641399179157472
13.84	0.631127200053101	16	0.00645634566466792
13.85	0.625165788452163	16	0.00649892616946161
13.86	0.619281823554996	16	0.00654173510483671
13.87	0.613473660880908	16	0.00658477432222001
13.88	0.607739700133487	16	0.00662804570623656
13.89	0.602078382558455	16	0.00667155118621661
13.9	0.596488191739364	16	0.00671529271610828
13.91	0.590967648938564	16	0.00675927230655841
13.92	0.585515313897781	16	0.0068034920060855
13.93	0.580129783036189	16	0.0068479539072279
13.94	0.57480968821728	16	0.00689266014787231
13.95	0.569553697347318	16	0.0069376128937455
13.96	0.564360506130416	16	0.00698281441467633
13.97	0.559228847553155	16	0.00702826697506979
13.98	0.5541574838102	16	0.00707397290873209
13.99	0.549145207021496	16	0.0071199346024151
14	0.544190838244427	16	0.00716615449754829
14.01	0.539293226520561	16	0.00721263509204985
14.02	0.534451247955461	16	0.00725937894222001
14.03	0.529658789569493	16	0.00730644937376538
14.04	0.524924876805536	16	0.00735372782583976
14.05	0.520255147537969	16	0.00740113035296812
14.06	0.51564059511107	16	0.00744875400966238
14.07	0.511015324529272	16	0.00749743775716527
14.08	0.506500401229055	16	0.00754562027243743
14.09	0.502033545647087	16	0.00759408438056027
14.1	0.497613264849954	16	0.00764284085622038
14.11	0.493177577686023	16	0.00769273470959749
14.12	0.488847648066297	16	0.00774210141219096
14.13	0.484560759948594	16	0.00779178395280126
14.14	0.48030763265732	16	0.00784190851897224
14.15	0.476097625903121	16	0.00789233581295591
14.16	0.471929912828572	16	0.00794306946977275
14.17	0.467803681953818	16	0.00799411323960823
14.18	0.463718137476805	16	0.0080454709797298
14.19	0.459672499600335	16	0.00809714664521545
14.2	0.455666002695002	16	0.00814914431316001
14.21	0.451697895666986	16	0.00820146817369407
14.22	0.447767441235959	16	0.00825412253795823
14.23	0.443873915442696	16	0.00830711184300867
14.24	0.440016607165763	16	0.00836044065700025
14.25	0.436194817646611	16	0.00841411368466421
14.26	0.432407859959793	16	0.00846813577418581
14.27	0.42865505870713	16	0.00852251192069023
14.28	0.424935749854625	16	0.00857724726740116
14.29	0.421249278726816	16	0.00863234714026261
14.3	0.417595001904188	16	0.00868781701364479
14.31	0.413972285207532	16	0.0087436625459453
14.32	0.410380503817989	16	0.00879988957774959
14.33	0.406819041201995	16	0.00885650415263452
14.34	0.403287289723044	16	0.00891351250665737
14.35	0.399784649426742	16	0.00897092109287807
14.36	0.396310527860433	16	0.0090287365870149
14.37	0.392864339631496	16	0.00908696589863985
14.38	0.389445505965566	16	0.00914561618305636
14.39	0.386053454264883	16	0.00920469485388359
14.4	0.382687617728683	16	0.00926420959505746
14.41	0.379342712343722	16	0.00932427045356563
14.42	0.376021869576821	16	0.00938480923512964
14.43	0.372725684870692	16	0.00944581002791495
14.44	0.369453636076841	16	0.00950728111726713
14.45	0.366205222226911	16	0.00956923070003507
14.46	0.363040978260353	16	0.0096302511317088
14.47	0.359838333542557	16	0.00969316367415589
14.48	0.356657821906999	16	0.00975658137639329
14.49	0.353498940091777	16	0.00982051408751949
14.5	0.350361181909363	16	0.00988497216404778
14.51	0.347244037206411	16	0.00994996651441515
14.52	0.344146996117085	16	0.0100155085125642
14.53	0.341069523756671	16	0.0100816106594537
14.54	0.338011100180943	16	0.0101482856057793
14.55	0.334971187771976	16	0.0102155469991409
14.56	0.331949238660128	16	0.0102834093343524
14.57	0.328944693191861	16	0.0103518880309615
14.58	0.325956978113176	16	0.0104209995231328
14.59	0.32298550346879	16	0.0104907613906419
14.6	0.320029664858759	16	0.0105611923474729
14.61	0.317088837860344	16	0.0106323124507638
14.62	0.31416236891669	16	0.0107041434269773
14.63	0.311249603832455	16	0.0107767079175298
14.64	0.308349839470012	16	0.0108500309449287
14.65	0.305462350224963	16	0.0109241392413797
14.66	0.302586381682618	16	0.0109990615205277
14.67	0.299714456179476	16	0.0110750362679193
14.68	0.296865767483235	16	0.0111514757935758
14.69	0.294019428072701	16	0.011229037355735
14.7	0.291181198453428	16	0.0113075530065587
14.71	0.28835011444246	16	0.0113870651476539
14.72	0.285525154380114	16	0.0114676198600525
14.73	0.282705232339396	16	0.0115492673228439
14.74	0.279889190478657	16	0.0116320622887291
14.75	0.277136825566328	16	0.0117139514661844
14.76	0.274324738591255	16	0.0117991973225826
14.77	0.271517211637934	16	0.011885621237488
14.78	0.268723571330008	16	0.0119729032107663
14.79	0.265930862680906	16	0.0120615198299708
14.8	0.263137886944808	16	0.0121515377166612
14.81	0.260343355008337	16	0.0122430296661208
14.82	0.257545855966028	16	0.0123360761841633
14.83	0.254743862303119	16	0.0124307657266831
14.84	0.251935693604494	16	0.0125271965730946
14.85	0.249119493530629	16	0.0126254783185206
14.86	0.246293197390718	16	0.0127257338576063
14.87	0.24345449209573	16	0.0128281018342579
14.88	0.240622047355073	16	0.0129318554054801
14.89	0.237757478359812	16	0.0130386288172557
14.9	0.234873667492213	16	0.0131479579932895
14.91	0.231967267653078	16	0.0132600533994854
14.92	0.229034422565299	16	0.013375158271137
14.93	0.22607065199912	16	0.0134935559860952
14.94	0.223070639997668	16	0.0136155825002797
14.95	0.22002805090775	16	0.0137416386443642
14.96	0.216935172943621	16	0.0138722116659427
14.97	0.213843492724605	16	0.0140049963688754
14.98	0.210605146511798	16	0.0141471835866641
14.99	0.207317530333601	16	0.0142943669952812
15	0.203949933898795	16	0.0144482486360015
15.01	0.200461795290731	16	0.0146111461835981
15.02	0.196799461217817	16	0.0147862196014287
15.03	0.192974574581939	16	0.0149734069062116
15.04	0.188908119026648	16	0.0151775329896376
15.05	0.18447870757775	16	0.0154061656024001
15.06	0.179540424401109	16	0.015668964436326
15.07	0.173657176366736	16	0.0159935107713133
15.08	0.16526301100282	16	0.016479296613225
15.08	0.469854017382918	17	0.00705645675240342
15.09	0.466367746131206	17	0.00709558869583071
15.1	0.462912409111512	17	0.0071349078981374
15.11	0.459478307687558	17	0.00717454940163764
15.12	0.456073956502045	17	0.00721438800247282
15.13	0.452699779464276	17	0.00725441217169037
15.14	0.449355301741556	17	0.00729462339002236
15.15	0.446040056885658	17	0.00733502317024135
15.16	0.442753587190991	17	0.00737561304913099
15.17	0.439495442593546	17	0.00741639460175105
15.18	0.43626518105563	17	0.00745736943329455
15.19	0.433062368209797	17	0.00749853918225535
15.2	0.429886577157311	17	0.00753990552137638
15.21	0.426737388271157	17	0.00758147015863874
15.22	0.423614389003482	17	0.007623234838293
15.23	0.420517173697255	17	0.00766520134193444
15.24	0.417445343401943	17	0.00770737148962543
15.25	0.414398505693092	17	0.00774974714106578
15.26	0.411376274495592	17	0.00779233019681452
15.27	0.408378269910529	17	0.00783512259956422
15.28	0.405404118045382	17	0.00787812633547197
15.29	0.402453450641574	17	0.00792134343930335
15.3	0.399525905716846	17	0.00796477598123788
15.31	0.396621126227999	17	0.00800842608969701
15.32	0.393738760673594	17	0.00805229593919377
15.33	0.390878462755441	17	0.00809638775528838
15.34	0.388039891226088	17	0.0081407038163127
15.35	0.385222709738804	17	0.00818524645516922
15.36	0.382426586747067	17	0.00823001806027209
15.37	0.379651195186054	17	0.00827502108092894
15.38	0.376896212416301	17	0.00832025802776785
15.39	0.374161320547474	17	0.00836573146534379
15.4	0.371446205386035	17	0.00841144403286403
15.41	0.368750556957856	17	0.00845739843318844
15.42	0.366074069195283	17	0.00850359743881525
15.43	0.363416439801466	17	0.00855004389444222
15.44	0.360777370115878	17	0.00859674071964525
15.45	0.358156564980928	17	0.00864369091168001
15.46	0.35555373260944	17	0.00869089754841435
15.47	0.35296858451875	17	0.00873836378990769
15.48	0.350400835141443	17	0.00878609288744693
15.49	0.347848130198709	17	0.00883413616598893
15.5	0.34530925396658	17	0.00888252067042652
15.51	0.342787019962103	17	0.00893117914870065
15.52	0.340281177212527	17	0.00898011464108542
15.53	0.337791476941159	17	0.00902933027291352
15.54	0.335317666800187	17	0.00907882939692234
15.55	0.33292053406243	17	0.00912710077844559
15.56	0.330477761527019	17	0.00917715979395142
15.57	0.328050138232464	17	0.00922751269112764
15.58	0.325637418602293	17	0.00927816324877131
15.59	0.323239357366465	17	0.00932911539381266
15.6	0.320855709320489	17	0.00938037321130315
15.61	0.318486229077834	17	0.00943194095505775
15.62	0.316130670646123	17	0.00948382306353302
15.63	0.313788787571012	17	0.00953602416112346
15.64	0.311460333970382	17	0.00958854903482573
15.65	0.309145057714317	17	0.00964140282722322
15.66	0.306842710723166	17	0.00969459076145682
15.67	0.304553040919737	17	0.00974811836815374
15.68	0.302275794059565	17	0.00980199144387901
15.69	0.300010713398438	17	0.00985621606911515
15.7	0.297757543868693	17	0.009910798494685
15.71	0.295516024862434	17	0.00996574535838998
15.72	0.293285846879292	17	0.0100210650003007
15.73	0.291066814178234	17	0.0100767626139939
15.74	0.288858616958046	17	0.0101328470520434
15.75	0.286660922883392	17	0.010189328183421
15.76	0.284473541776434	17	0.0102462117755097
15.77	0.282296123494571	17	0.0103035088342091
15.78	0.280128386227945	17	0.0103612285695315
15.79	0.277970023834104	17	0.0104193812866428
15.8	0.275820724447104	17	0.0104779778262914
15.81	0.273680168001568	17	0.0105370296647452
15.82	0.271548025547096	17	0.0105965489596155
15.83	0.269423958515179	17	0.0106565485993788
15.84	0.267307617933974	17	0.0107170422569526
15.85	0.265198643648521	17	0.0107780444455525
15.86	0.263096665711199	17	0.0108395705012777
15.87	0.261001304525779	17	0.0109016366074348
15.88	0.258912167413438	17	0.0109642599470955
15.89	0.256828962595489	17	0.0110274546276581
15.9	0.254751075662939	17	0.0110912469447984
15.91	0.252678148935666	17	0.0111556546679429
15.92	0.250609724658759	17	0.0112206998486222
15.93	0.248545324971203	17	0.0112864060224586
15.94	0.246484450142221	17	0.0113527983348324
15.95	0.244487611802845	17	0.0114175548203643
15.96	0.242432190217818	17	0.0114853765275587
15.97	0.240378764210637	17	0.011553965846798
15.98	0.238340796510579	17	0.0116227965105535
15.99	0.236305700329067	17	0.0116923656005451
16	0.234273028058725	17	0.0117626988250895
16.01	0.232242309774779	17	0.0118338236158982
16.02	0.230213050481662	17	0.0119057693109541
16.03	0.228184727185107	17	0.0119785673544005
16.04	0.226156785552493	17	0.0120522515244843
16.05	0.224128636090974	17	0.0121268581943873
16.06	0.222099649758754	17	0.0122024266317581
16.07	0.220069152907719	17	0.0122789993439586
16.08	0.218036421434395	17	0.0123566224775274
16.09	0.216000673989865	17	0.0124353462822119
16.1	0.213961064066614	17	0.0125152256522299
16.11	0.211916670739097	17	0.0125963207603312
16.12	0.209888712517861	17	0.0126776698908737
16.13	0.207836854143367	17	0.012761146509625
16.14	0.205777976688193	17	0.0128460019355655
16.15	0.203710939778922	17	0.0129323145677602
16.16	0.201634487440079	17	0.0130201711751916
16.17	0.1995472285077	17	0.0131096682596841
16.18	0.197447612630716	17	0.0132009137224453
16.19	0.195333900618795	17	0.0132940289196924
16.2	0.193204127477408	17	0.013389151221822
16.21	0.191056055888521	17	0.0134864372311119
16.22	0.188887117072961	17	0.0135860668703493
16.23	0.186694334793993	17	0.013688248637227
16.24	0.18447422655321	17	0.013793226439522
16.25	0.182262274759	17	0.0138991632775497
16.26	0.179988163895202	17	0.0140098778717794
16.27	0.17768652047113	17	0.0141236049376733
16.28	0.175336448010687	17	0.0142415803653204
16.29	0.17293856704988	17	0.0143638873759788
16.3	0.170459628630135	17	0.0144925465107594
16.31	0.167929962971403	17	0.0146260016996673
16.32	0.16531915003713	17	0.0147661757006525
16.33	0.162610355896028	17	0.0149142865991011
16.34	0.159781118684492	17	0.0150719599372821
16.35	0.156772665063472	17	0.0152431449358221
16.36	0.153570718353928	17	0.0154292656950727
16.37	0.150077831967358	17	0.0156371244563442
16.38	0.146113860991835	17	0.0158793850477593
16.39	0.141331855648428	17	0.016180857073619
16.4	0.133944362025108	17	0.0166675694388743
16.4	0.352188859345231	18	0.00783847219298445
16.41	0.350026381514387	18	0.00787508733615044
16.42	0.347877884163811	18	0.00791184475387614
16.43	0.345743194797777	18	0.00794874543769062
16.44	0.343622143097131	18	0.00798579039742479
16.45	0.341514560870241	18	0.0080229806616994
16.46	0.339420282004836	18	0.00806031727842639
16.47	0.337339142420547	18	0.00809780131532852
16.48	0.335270980022246	18	0.00813543386047368
16.49	0.333215634654091	18	0.0081732160228274
16.5	0.331172948054253	18	0.00821114893282273
16.51	0.329142763810326	18	0.0082492337429484
16.52	0.327124927315368	18	0.0082874716283562
16.53	0.325119285724604	18	0.0083258637874869
16.54	0.32312568791263	18	0.00836441144271825
16.55	0.321143924580897	18	0.00840311731500032
16.56	0.319169622880598	18	0.00844208776777636
16.57	0.317206982752024	18	0.00848121805957556
16.58	0.315255869967299	18	0.00852050922768861
16.59	0.313316151466056	18	0.00855996233526574
16.6	0.311387681614029	18	0.00859957882618582
16.61	0.309470357313434	18	0.00863935910519173
16.62	0.307564034626699	18	0.00867930468122559
16.63	0.30572961973987	18	0.00871779581964324
16.64	0.303844914249447	18	0.00875806037717452
16.65	0.301970826042509	18	0.00879849378276605
16.66	0.300107228614295	18	0.00883909732610227
16.67	0.298253996166911	18	0.00887987233674032
16.68	0.296411003551621	18	0.00892082018621622
16.69	0.294578126210891	18	0.00896194229024236
16.7	0.292755246079516	18	0.00900323994217257
16.71	0.290942226583077	18	0.00904471502075445
16.72	0.289138951612917	18	0.00908636889118669
16.73	0.287345298396607	18	0.00912820316966536
16.74	0.285561144457679	18	0.00917021952904811
16.75	0.283786367554817	18	0.00921241970169231
16.76	0.282020845620316	18	0.00925480548241849
16.77	0.280264456697696	18	0.00929737873160565
16.78	0.278517078878414	18	0.00934014137842507
16.79	0.276778590237581	18	0.00938309542421829
16.8	0.275048868768559	18	0.00942624294602891
16.81	0.273327792316351	18	0.0094695861002944
16.82	0.271615238509717	18	0.0095131271267058
16.83	0.269911084691808	18	0.00955686835224696
16.84	0.268215207849333	18	0.00960081219541841
16.85	0.266527484539992	18	0.00964496117066068
16.86	0.26484779081817	18	0.00968931789298371
16.87	0.263176002158673	18	0.00973388508281616
16.88	0.261511993378393	18	0.00977866557108582
16.89	0.259855638555752	18	0.00982366230454416
16.9	0.258206810500245	18	0.00986887836650716
16.91	0.256565380780552	18	0.00991431697949136
16.92	0.254931221916638	18	0.00995998143326393
16.93	0.253304204226662	18	0.0100058751948417
16.94	0.251684196855121	18	0.0100520018775593
16.95	0.250071067675792	18	0.0100983652481492
16.96	0.248464683191101	18	0.0101449692341821
16.97	0.24686490842777	18	0.0101918179318859
16.98	0.245271606828443	18	0.0102389156143703
16.99	0.243684640139054	18	0.010286266740276
17	0.242103868291634	18	0.010333875962881
17.01	0.240529149282251	18	0.0103817481396875
17.02	0.238960339043791	18	0.0104298883425213
17.03	0.237397291313214	18	0.0104783018681764
17.04	0.23583985749291	18	0.0105269942496385
17.05	0.234287886527349	18	0.0105759712670958
17.06	0.232741225685432	18	0.010625238924106
17.07	0.231199675504067	18	0.0106748052188354
17.08	0.22966314718191	18	0.0107246740035869
17.09	0.22813145587937	18	0.0107748530422504
17.1	0.226604438637081	18	0.010825349433624
17.11	0.225081929166036	18	0.0108761705997615
17.12	0.223563757630546	18	0.0109273243036664
17.13	0.222049750419544	18	0.0109788186680892
17.14	0.220539729905413	18	0.0110306621955089
17.15	0.219033514189509	18	0.0110828637893825
17.16	0.217530916833538	18	0.0111354327767506
17.17	0.216092781731966	18	0.0111857775652307
17.18	0.214597186884272	18	0.0112390744743154
17.19	0.21310379689555	18	0.0112928048341146
17.2	0.211613706185788	18	0.0113469239227049
17.21	0.210128216873819	18	0.0114013762626251
17.22	0.20865356813056	18	0.0114558850877984
17.23	0.207182223297423	18	0.0115107815029002
17.24	0.205714025052738	18	0.0115660743710909
17.25	0.204248811743988	18	0.0116217729661222
17.26	0.20278641701857	18	0.0116778870007767
17.27	0.20132666942156	18	0.011734426657903
17.28	0.199869391956825	18	0.0117914026243347
17.29	0.198414401607495	18	0.0118488261280134
17.3	0.196961508811157	18	0.0119067089786806
17.31	0.195510516884725	18	0.0119650636125455
17.32	0.194061221393048	18	0.0120239031413996
17.33	0.192613409454801	18	0.0120832414066989
17.34	0.191166848822899	18	0.0121430935373929
17.35	0.189721284734628	18	0.0122034761505464
17.36	0.188276606322383	18	0.0122643991045344
17.37	0.186832348786452	18	0.0123258902420542
17.38	0.185388337128702	18	0.0123879634914488
17.39	0.18394449650829	18	0.0124506279676379
17.4	0.182500216742677	18	0.0125139205214204
17.41	0.181055302426291	18	0.0125778575047465
17.42	0.17963342580687	18	0.012641204927403
17.43	0.178189984815254	18	0.0127062950171426
17.44	0.176745358227434	18	0.01277207589916
17.45	0.175299204614747	18	0.0128385731672995
17.46	0.17385116113891	18	0.0129058142205635
17.47	0.172400841156509	18	0.0129738284541826
17.48	0.170947831374418	18	0.0130426474836511
17.49	0.169491687447424	18	0.0131123054650618
17.5	0.168031933879154	18	0.0131828391890002
17.51	0.166568056685468	18	0.0132542885860894
17.52	0.165099499453266	18	0.0133266970629803
17.53	0.163625657665452	18	0.0134001119528899
17.54	0.162145872059466	18	0.0134745850428468
17.55	0.160659420820113	18	0.0135501731935876
17.56	0.159165510359147	18	0.0136269390719537
17.57	0.157663264372386	18	0.013704952020643
17.58	0.156151710785557	18	0.0137842890966441
17.59	0.154690801253237	18	0.0138613474664798
17.6	0.153133290187299	18	0.0139450297710962
17.61	0.151595077851508	18	0.014028368144032
17.62	0.150052225347792	18	0.0141128229553344
17.63	0.148489670349909	18	0.0141993505770036
17.64	0.146912189797556	18	0.0142876881758143
17.65	0.145318247549907	18	0.0143779649877933
17.66	0.143706132159845	18	0.0144703254774824
17.67	0.142050241697504	18	0.0145664686268279
17.68	0.14038871751	18	0.0146639814873835
17.69	0.138700374982431	18	0.0147642810500369
17.7	0.136981781116738	18	0.0148676524595026
17.71	0.135228889040375	18	0.0149744320617331
17.72	0.133436879621566	18	0.0150850206513537
17.73	0.131599949698427	18	0.0151999012254388
17.74	0.129691697988682	18	0.0153210049318914
17.75	0.127732592252822	18	0.0154470539820817
17.76	0.125696574034424	18	0.0155800139516481
17.77	0.123566297840072	18	0.0157213100759039
17.78	0.121317634115132	18	0.0158729235362043
17.79	0.118895763653458	18	0.0160391839534191
17.8	0.116264417961437	18	0.0162232630442947
17.81	0.113302789582709	18	0.0164348979895401
17.82	0.109738114167977	18	0.0166961120908465
17.83	0.104577533418979	18	0.017087190547533
17.83	0.264330316434627	19	0.00876904069899096
17.84	0.262949871577242	19	0.00880274906030892
17.85	0.261576215507735	19	0.00883655493874571
17.86	0.260209285060667	19	0.00887045876143446
17.87	0.258849017441676	19	0.00890446096925974
17.88	0.257495350214287	19	0.0089385620173581
17.89	0.256148221286812	19	0.00897276237563088
17.9	0.254807568899385	19	0.00900706252926765
17.91	0.253473331611067	19	0.00904146297928335
17.92	0.252145448287049	19	0.00907596424306752
17.93	0.250823858083447	19	0.00911056685502971
17.94	0.249508500413323	19	0.00914527136789742
17.95	0.248199315004201	19	0.00918007835095589
17.96	0.246896241818774	19	0.009214988392878
17.97	0.245599221062978	19	0.00925000210166082
17.98	0.244308193173589	19	0.00928512010525816
17.99	0.243023098805863	19	0.00932034305222886
18	0.2417438788212	19	0.00935567161240099
18.01	0.240470474274839	19	0.00939110647755226
18.02	0.239202826403568	19	0.00942664836210719
18.03	0.237940876613426	19	0.00946229800385252
18.04	0.236684566467427	19	0.0094980561646695
18.05	0.235433837673253	19	0.00953392363128574
18.06	0.234188632070952	19	0.00956990121604553
18.07	0.232948891620574	19	0.00960598975770089
18.08	0.231714558389813	19	0.00964219012222207
18.09	0.230485574541578	19	0.00967850320363005
18.1	0.229261882321496	19	0.00971492992485133
18.11	0.228043424045397	19	0.00975147123859411
18.12	0.226830142086678	19	0.00978812812824956
18.13	0.225621978863609	19	0.00982490160881652
18.14	0.224418876826527	19	0.00986179272785199
18.15	0.223220778444959	19	0.00989880256644701
18.16	0.222027626194576	19	0.00993593224023112
18.17	0.220839362544058	19	0.00997318290040382
18.18	0.219655929941824	19	0.0100105557347951
18.19	0.218477270802581	19	0.0100480519689577
18.2	0.21730329839542	19	0.0100856740431667
18.21	0.216134062909193	19	0.010123418896586
18.22	0.214969343097263	19	0.0101612945058994
18.23	0.213809241113824	19	0.010199295730812
18.24	0.212653549778989	19	0.0102374301351333
18.25	0.211502348704371	19	0.0102756935025592
18.26	0.210355463640311	19	0.0103140921847408
18.27	0.209212923421685	19	0.0103526241030743
18.28	0.208074605582861	19	0.0103912935741792
18.29	0.206940497220533	19	0.0104301003271692
18.3	0.205810523040289	19	0.0104690467786153
18.31	0.204684623946303	19	0.0105081347036532
18.32	0.203562740763292	19	0.0105473659261608
18.33	0.20244481238234	19	0.0105867424011777
18.34	0.201330779839271	19	0.0106262660373695
18.35	0.200220583531886	19	0.0106659388187817
18.36	0.199114163538666	19	0.0107057627920437
18.37	0.19801145959153	19	0.0107457400686758
18.38	0.196912411047564	19	0.0107858728275039
18.39	0.195817116249019	19	0.010826156010947
18.4	0.194725221008328	19	0.0108666053020135
18.41	0.193636798443839	19	0.0109072169442689
18.42	0.192551786190106	19	0.0109479934066753
18.43	0.191470121351452	19	0.010988937239081
18.44	0.190391740466235	19	0.0110300510753912
18.45	0.189316579469554	19	0.0110713376368953
18.46	0.188244573654281	19	0.0111127997357601
18.47	0.187176075237897	19	0.011154420120951
18.48	0.186171262016439	19	0.0111932753286616
18.49	0.185108369651676	19	0.0112352605928467
18.5	0.18404840047747	19	0.0112774318308198
18.51	0.182991326252219	19	0.0113197903384721
18.52	0.181937027783591	19	0.0113623419614915
18.53	0.180885437487162	19	0.0114050900928686
18.54	0.179842311145388	19	0.0114477443864017
18.55	0.178803339986558	19	0.0114905181295303
18.56	0.17776739964081	19	0.0115334673736801
18.57	0.176734440881094	19	0.0115765943118428
18.58	0.175704414079355	19	0.0116199012023906
18.59	0.174677269172248	19	0.0116633903719913
18.6	0.173652962515486	19	0.0117070638577365
18.61	0.172631430569027	19	0.0117509247842531
18.62	0.171612627653997	19	0.0117949753941263
18.63	0.170596501659137	19	0.0118392183156878
18.64	0.169582999852404	19	0.0118836562620112
18.65	0.168572068836759	19	0.0119282920348604
18.66	0.167563654503691	19	0.011973128528864
18.67	0.166557701984388	19	0.0120181687359281
18.68	0.165554155598404	19	0.0120634157499016
18.69	0.164552958799654	19	0.0121088727715131
18.7	0.163554054119603	19	0.012154543113592
18.71	0.162557383107446	19	0.0122004302065971
18.72	0.161562886267133	19	0.0122465376044678
18.73	0.160570502991027	19	0.0122928689908205
18.74	0.159580171489989	19	0.0123394281855133
18.75	0.158591828719695	19	0.0123862191515995
18.76	0.157605410302919	19	0.0124332460026998
18.77	0.156620850447588	19	0.0124805130108142
18.78	0.1556380818603	19	0.0125280246146082
18.79	0.154657035655074	19	0.0125757854281993
18.8	0.15367764125699	19	0.0126238002504805
18.81	0.152699826300483	19	0.0126720740750113
18.82	0.151723516521868	19	0.0127206121005188
18.83	0.150748635645834	19	0.0127694197420449
18.84	0.14977510526547	19	0.0128185026427837
18.85	0.148828000977907	19	0.0128663316404333
18.86	0.147859357841164	19	0.0129158245283357
18.87	0.146892021017401	19	0.0129655965985025
18.88	0.145925909812323	19	0.0130156538277054
18.89	0.144960946414183	19	0.0130660021204995
18.9	0.143997051741299	19	0.0131166475658707
18.91	0.143034144209574	19	0.0131675965184915
18.92	0.142072139358067	19	0.0132188556282128
18.93	0.141110949886261	19	0.0132704318441271
18.94	0.140150485445984	19	0.0133223324344216
18.95	0.13919065241561	19	0.0133745650079358
18.96	0.138231353654766	19	0.0134271375375986
18.97	0.137272488237516	19	0.01348005838594
18.98	0.136313951161787	19	0.0135333363328952
18.99	0.135355633032528	19	0.0135869806061475
19	0.134397419715768	19	0.0136410009142849
19.01	0.133439191960428	19	0.0136954074830793
19.02	0.132480824984312	19	0.0137502110952376
19.03	0.131522188020259	19	0.0138054231340197
19.04	0.130563143817935	19	0.0138610556311662
19.05	0.129603548096129	19	0.013917121319643
19.06	0.128643248939753	19	0.0139736336917723
19.07	0.127682086134923	19	0.0140306070634051
19.08	0.126719890434679	19	0.014088056644871
19.09	0.125756482746699	19	0.0141459986195591
19.1	0.124791673233322	19	0.0142044502310934
19.11	0.123825260312636	19	0.0142634298802177
19.12	0.122882677854375	19	0.0143211208839062
19.13	0.121921416651346	19	0.0143805568122277
19.14	0.120953319186704	19	0.0144409056048639
19.15	0.119990012658975	19	0.0145013310104731
19.16	0.119018853073109	19	0.0145627558262023
19.17	0.118045422188889	19	0.0146247808871679
19.18	0.117069504203178	19	0.0146874273701227
19.19	0.116090871839801	19	0.0147507176930349
19.2	0.115109285489455	19	0.0148146756089267
19.21	0.114124492275525	19	0.0148793263080831
19.22	0.113136225039061	19	0.014944696529441
19.23	0.112125732474115	19	0.0150122256954179
19.24	0.111126674599749	19	0.0150793593306532
19.25	0.110122772214414	19	0.0151473425535905
19.26	0.10911361406854	19	0.0152162161482577
19.27	0.108098754437548	19	0.0152860243952769
19.28	0.107077711539569	19	0.0153568152886755
19.29	0.106049961534022	19	0.0154286411094102
19.3	0.105014933815749	19	0.0155015589153598
19.31	0.103972005087177	19	0.0155756311459069
19.32	0.10292049250632	19	0.015650926321911
19.33	0.101859646036997	19	0.0157275198348329
19.34	0.100788564796819	19	0.0158055009705145
19.35	0.0996934698429104	19	0.0158860192240897
19.36	0.0985962559983493	19	0.0159673025815694
19.37	0.097485070066045	19	0.0160503422961675
19.38	0.096358434710912	19	0.0161352854907673
19.39	0.0952146862996028	19	0.0162222983297445
19.4	0.094051872749931	19	0.0163115752751167
19.41	0.0928677290502671	19	0.0164033420770425
19.42	0.0916595918972115	19	0.0164978641242655
19.43	0.0904242978908357	19	0.0165954565656487
19.44	0.0891580471860374	19	0.0166964978756171
19.45	0.0878562178550623	19	0.0168014483414681
19.46	0.0864940889094726	19	0.0169125563770219
19.47	0.0850940993771277	19	0.0170279370959144
19.48	0.0836320310983533	19	0.0171498331829628
19.49	0.0820929902182004	19	0.017279711496602
19.5	0.0804555837350024	19	0.0174196765233653
19.51	0.0786872817950697	19	0.0175729251945931
19.52	0.0767037332701769	19	0.0177475729505324
19.53	0.0744208050107767	19	0.0179520334619825
19.54	0.0714728480976628	19	0.0182218046315655
19.54	0.18727320346183	20	0.0101541099814559
19.55	0.186439783210527	20	0.0101840509446559
19.56	0.185609590681964	20	0.0102140421300365
19.57	0.184782602328666	20	0.0102440836996966
19.58	0.183958794745584	20	0.010274175820056
19.59	0.183138144669437	20	0.0103043186618566
19.6	0.182320628978119	20	0.0103345124001596
19.61	0.181506224690127	20	0.0103647572143415
19.62	0.180694908964058	20	0.0103950532880864
19.63	0.179886607081388	20	0.0104254033418864
19.64	0.179081408124363	20	0.010455802143504
19.65	0.178279230523157	20	0.0104862527539814
19.66	0.177480052004864	20	0.010516755373114
19.67	0.176683850107308	20	0.0105473102211822
19.68	0.175890602795255	20	0.0105779175085527
19.69	0.175099593280602	20	0.0106086123294944
19.7	0.174312891050038	20	0.010639289931958
19.71	0.173528383616636	20	0.0106700554868856
19.72	0.17274674684445	20	0.0107008742159638
19.73	0.171967959683562	20	0.0107317463327786
19.74	0.171192001213682	20	0.0107626720550102
19.75	0.170418850643102	20	0.0107936516044501
19.76	0.169648487307676	20	0.0108246852070168
19.77	0.168880890669837	20	0.0108557730927696
19.78	0.16811604031766	20	0.0108869154959215
19.79	0.16735391596395	20	0.0109181126548492
19.8	0.16659449744537	20	0.0109493648121031
19.81	0.165837764721607	20	0.0109806722144138
19.82	0.165083697874583	20	0.0110120351126973
19.83	0.164332277107685	20	0.0110434537620588
19.84	0.163583482745057	20	0.0110749284217934
19.85	0.162837295230915	20	0.0111064593553852
19.86	0.162093695128907	20	0.011138046830504
19.87	0.161352663121517	20	0.0111696911189993
19.88	0.160614180009503	20	0.0112013924968926
19.89	0.159878226711379	20	0.0112331512443663
19.9	0.159144784262948	20	0.0112649676457503
19.91	0.158413833284322	20	0.0112968420192882
19.92	0.157685348271737	20	0.0113287750385758
19.93	0.156959315541356	20	0.0113607667277537
19.94	0.156235717514096	20	0.011392817337298
19.95	0.155575570842208	20	0.0114214487670091
19.96	0.154856786814657	20	0.0114536016416789
19.97	0.154140382293737	20	0.0114858143491709
19.98	0.153426339089222	20	0.011518087216488
19.99	0.152714639113744	20	0.0115504205753986
20	0.152005264381958	20	0.0115828147624552
20.01	0.151298197009686	20	0.0116152701190143
20.02	0.150593419213102	20	0.0116477869912548
20.03	0.149890913307887	20	0.0116803657301984
20.04	0.149191353520661	20	0.0117129655721781
20.05	0.148497588713762	20	0.011745415147186
20.06	0.14780622003288	20	0.0117779147223881
20.07	0.147117233917134	20	0.0118104642887289
20.08	0.146430616732565	20	0.0118430638475147
20.09	0.145746353801019	20	0.011875713469657
20.1	0.145064415169373	20	0.0119084141666292
20.11	0.144384817967974	20	0.0119411640846865
20.12	0.143707533653658	20	0.0119739641580323
20.13	0.143032548641515	20	0.0120068144175335
20.14	0.142359849435117	20	0.0120397148950148
20.15	0.141689422625628	20	0.0120726656232709
20.16	0.141021254890921	20	0.0121056666360808
20.17	0.14035530552399	20	0.0121387197003527
20.18	0.139691614332957	20	0.0121718215208883
20.19	0.139030142651835	20	0.012204973741488
20.2	0.138370873764974	20	0.0122381766385602
20.21	0.137713794383759	20	0.0122714302791253
20.22	0.137058894433485	20	0.0123047345297828
20.23	0.136406161019451	20	0.0123380894429359
20.24	0.13575558131486	20	0.0123714950730478
20.25	0.135107142559394	20	0.0124049514767135
20.26	0.134460832057792	20	0.0124384587127352
20.27	0.13381663717842	20	0.0124720168421975
20.28	0.133174545351832	20	0.0125056259285469
20.29	0.132534544069341	20	0.0125392860376711
20.3	0.131896620881544	20	0.0125729972379843
20.31	0.131260763396882	20	0.0126067596005116
20.32	0.130626959280156	20	0.0126405731989778
20.33	0.129995196251056	20	0.0126744381098979
20.34	0.12936546208266	20	0.0127083544126717
20.35	0.12873774459993	20	0.0127423221896796
20.36	0.128112031678198	20	0.0127763415263826
20.37	0.127488311241622	20	0.0128104125114251
20.38	0.126866676471415	20	0.0128445279678848
20.39	0.126246911159197	20	0.0128787020682162
20.4	0.125629102686799	20	0.01291292807807
20.41	0.125013239170664	20	0.012947206098755
20.42	0.124399308768586	20	0.0129815362352798
20.43	0.123787299678082	20	0.0130159185964749
20.44	0.12317720013472	20	0.0130503532951204
20.45	0.122568998410459	20	0.0130848404480747
20.46	0.121962682811915	20	0.0131193801764116
20.47	0.121358241678637	20	0.0131539726055583
20.48	0.120755663381333	20	0.0131886178654408
20.49	0.120154942469392	20	0.0132233156457909
20.5	0.119556067214222	20	0.0132580660918246
20.51	0.118959021784599	20	0.013292869654997
20.52	0.118363794824539	20	0.0133277264709927
20.53	0.117770375013161	20	0.0133626366796131
20.54	0.117178751063592	20	0.0133976004248684
20.55	0.116588911721893	20	0.0134326178550676
20.56	0.116000845765988	20	0.0134676891229122
20.57	0.115414542004594	20	0.0135028143855887
20.58	0.114829989276177	20	0.0135379938048623
20.59	0.114247176447897	20	0.0135732275471728
20.6	0.11369266972987	20	0.0136065054258118
20.61	0.113114616388089	20	0.0136417405612375
20.62	0.112538320783586	20	0.0136770258449304
20.63	0.111963773326402	20	0.0137123613046676
20.64	0.11139096447297	20	0.0137477469697651
20.65	0.110819884725006	20	0.0137831828711471
20.66	0.110250524628347	20	0.0138186690414196
20.67	0.109682874771831	20	0.0138542055149439
20.68	0.109116925786135	20	0.0138897923279138
20.69	0.108552668342622	20	0.0139254295184341
20.7	0.107990093152177	20	0.013961117126602
20.71	0.107429190964022	20	0.013996855194591
20.72	0.106869952564545	20	0.0140326437667363
20.73	0.106312368776104	20	0.0140684828896231
20.74	0.10575643045583	20	0.0141043726121777
20.75	0.105202128494412	20	0.0141403129857603
20.76	0.104649453814888	20	0.0141763040642612
20.77	0.104098397371422	20	0.0142123459041977
20.78	0.103548950148061	20	0.0142484385648165
20.79	0.103001103157496	20	0.0142845821081959
20.8	0.102454847439818	20	0.0143207765993517
20.81	0.101910174061244	20	0.0143570221063464
20.82	0.101367074112862	20	0.0143933187003999
20.83	0.100825538709344	20	0.0144296664560035
20.84	0.100285558987657	20	0.0144660654510369
20.85	0.0997471261057804	20	0.014502515766887
20.86	0.0992102312413868	20	0.0145390174885704
20.87	0.0986748655905375	20	0.0145755707048584
20.88	0.0981410203663577	20	0.0146121755084045
20.89	0.0976086867977086	20	0.014648831995875
20.9	0.0970778561278412	20	0.0146855402680831
20.91	0.0965485196130593	20	0.014722300430124
20.92	0.0960206778106339	20	0.0147591117971325
20.93	0.0954943029290053	20	0.0147959761112038
20.94	0.0949693960966916	20	0.0148328926525792
20.95	0.0944459486340846	20	0.0148698615426403
20.96	0.0939239518714387	20	0.0149068829074251
20.97	0.0934033971478077	20	0.014943956877747
20.98	0.0928842758100219	20	0.0149810835893112
20.99	0.0923665792116544	20	0.0150182631828353
21	0.0918502987120245	20	0.0150554958041661
21.01	0.0913354256752238	20	0.0150927816043977
21.02	0.0908219514691508	20	0.0151301207399895
21.03	0.0903098674645815	20	0.0151675133728822
21.04	0.0897991650342586	20	0.0152049596706147
21.05	0.0892898355520142	20	0.0152424598064374
21.06	0.0887818703919173	20	0.0152800139594271
21.07	0.0882752609274515	20	0.0153176223145977
21.08	0.0877699985307348	20	0.0153552850630108
21.09	0.0872660745717646	20	0.0153930024018832
21.1	0.0867634804177093	20	0.0154307745346922
21.11	0.0862622074322364	20	0.0154686016712781
21.12	0.0857622469748805	20	0.0155064840279447
21.13	0.0852635904004622	20	0.0155444218275543
21.14	0.0847662290585579	20	0.0155824152996207
21.15	0.0842701542930059	20	0.0156204646803981
21.16	0.0838009691426716	20	0.0156561848518215
21.17	0.0833118058914231	20	0.0156939307269482
21.18	0.0828275257769125	20	0.0157313907974126
21.19	0.082338541036907	20	0.0157694630833829
21.2	0.0818508903276424	20	0.0158075826763795
21.21	0.0813645682018378	20	0.0158457494582947
21.22	0.0808795692874084	20	0.0158839633061381
21.23	0.080395888288267	20	0.0159222240918703
21.24	0.0799135199850676	20	0.0159605316822391
21.25	0.0794324592360033	20	0.0159988859386102
21.26	0.0789527009776041	20	0.0160372867167946
21.27	0.0784742402255418	20	0.0160757338668745
21.28	0.0779970720754605	20	0.0161142272330245
21.29	0.0775211917038024	20	0.0161527666533318
21.3	0.0770465938672945	20	0.0161913520085512
21.31	0.0765732754105923	20	0.0162299829772215
21.32	0.0761012302535224	20	0.0162686595248751
21.33	0.0756304544055527	20	0.0163073814144491
21.34	0.0751609434598395	20	0.0163461484507919
21.35	0.0746804070574385	20	0.0163861795372947
21.36	0.0742127143888108	20	0.0164251097622267
21.37	0.0737462340830558	20	0.016464088934211
21.38	0.0732809659204923	20	0.0165031164819909
21.39	0.0728169044994438	20	0.0165421923512093
21.4	0.0723540444674315	20	0.0165813164852601
21.41	0.0718923805216437	20	0.0166204888251857
21.42	0.0714319079201895	20	0.0166597092577353
21.43	0.0709726213820126	20	0.0166989777264863
21.44	0.070514515494496	20	0.0167382941911079
21.45	0.0700575851803965	20	0.0167776585797565
21.46	0.0696018254171493	20	0.0168170708174082
21.47	0.0691472312377267	20	0.0168565308257058
21.48	0.0686937977315245	20	0.0168960385228005
21.49	0.0682415200453228	20	0.0169355938231841
21.5	0.0677903933842806	20	0.0169751966375161
21.51	0.0673404130129937	20	0.0170148468724415
21.52	0.0668915742566093	20	0.0170545444304003
21.53	0.0664438725020064	20	0.0170942892094286
21.54	0.0659973031990253	20	0.0171340811029508
21.55	0.065551861861769	20	0.0171739199995627
21.56	0.0651075440699721	20	0.0172138057828043
21.57	0.0646643454704239	20	0.0172537383309242
21.58	0.0642222617784826	20	0.0172937175166309
21.59	0.0637812887796535	20	0.0173337432068351
21.6	0.0633414223312189	20	0.0173738152623823
21.61	0.0629026583639925	20	0.0174139335377698
21.62	0.0624649928841227	20	0.0174540978808536
21.63	0.0620284219749676	20	0.0174943081325457
21.64	0.0615929417990999	20	0.0175345641264917
21.65	0.0611585486003546	20	0.0175748656887416
21.66	0.0607252387059925	20	0.0176152126374029
21.67	0.060293008528958	20	0.0176556047822796
21.68	0.0598618545702261	20	0.0176960419244969
21.69	0.0594317734212486	20	0.0177365238561105
21.7	0.0590027617665242	20	0.0177770503596981
21.71	0.0585748163862433	20	0.017817621207937
21.72	0.0581479341590816	20	0.0178582361631605
21.73	0.0577125494342383	20	0.0178999610867084
21.74	0.0572871974953331	20	0.0179407322059249
21.75	0.0568628671172155	20	0.0179815507104567
21.76	0.0564395539484257	20	0.0180224165336616
21.77	0.0560172536782652	20	0.0180633296064008
21.78	0.0555959620375641	20	0.0181042898569025
21.79	0.0551756747995349	20	0.0181452972106136
21.8	0.0547563877806521	20	0.0181863515900473
21.81	0.0543380905016587	20	0.0182274536377112
21.82	0.0539207910303343	20	0.0182686018848425
21.83	0.0535044794562357	20	0.0183097969109592
21.84	0.0530891517761771	20	0.0183510386254843
21.85	0.0526748040355951	20	0.0183923269340063
21.86	0.0522614323299268	20	0.0184336617380568
21.87	0.0518490328060485	20	0.0184750429348778
21.88	0.0514376016638346	20	0.0185164704171721
21.89	0.0510271351578126	20	0.0185579440728406
21.9	0.050617629598939	20	0.0185994637847007
21.91	0.0502090813565024	20	0.0186410294301879
21.92	0.0498014902006255	20	0.0186826404883543
21.93	0.0493948456967927	20	0.0187242976381746
21.94	0.0489891479091309	20	0.018766000327865
21.95	0.0485843934491234	20	0.0188077484115475
21.96	0.0481805789964323	20	0.0188495417363864
21.97	0.0477777013014845	20	0.0188913801421862
21.98	0.0473757571881963	20	0.0189332634609684
21.99	0.0469747435568889	20	0.0189751915165199
22	0.0465746573873519	20	0.0190171641239194
