Del_MAP	psi	nC_MAP	p_MAP
0	0.001	7	0.0301589452155497
0.01	0.001	7	0.030132119155097
0.02	0.001	7	0.0301053128792613
0.03	0.001	7	0.0300785263775817
0.04	0.001	7	0.0300517596395986
0.05	0.001	7	0.0300250126548543
0.06	0.001	7	0.0299982854128925
0.07	0.001	7	0.0299715779032588
0.08	0.001	7	0.0299448901155003
0.09	0.001	7	0.0299182220391655
0.1	0.001	7	0.029891573663805
0.11	0.001	7	0.0298649449789707
0.12	0.001	7	0.0298383359742162
0.13	0.001	7	0.029811746639097
0.14	0.001	7	0.0297851769631699
0.15	0.001	7	0.0297586269359936
0.16	0.001	7	0.0297320965471284
0.17	0.001	7	0.0297055857861363
0.18	0.001	7	0.0296790946425808
0.19	0.001	7	0.0296526231060274
0.2	0.001	7	0.029626171166043
0.21	0.001	7	0.0295997388121962
0.22	0.001	7	0.0295733260340575
0.23	0.001	7	0.0295469328211988
0.24	0.001	7	0.0295205591631939
0.25	0.001	7	0.0294942050496183
0.26	0.001	7	0.0294678704700491
0.27	0.001	7	0.0294415554140651
0.28	0.001	7	0.0294152598712469
0.29	0.001	7	0.0293889838311767
0.3	0.001	7	0.0293627272834386
0.31	0.001	7	0.0293364902176181
0.32	0.001	7	0.0293102726233027
0.33	0.001	7	0.0292840744900816
0.34	0.001	7	0.0292578958075456
0.35	0.001	7	0.0292317365652873
0.36	0.001	7	0.029205596752901
0.37	0.001	7	0.0291794763599829
0.38	0.001	7	0.0291533753761306
0.39	0.001	7	0.0291272937909439
0.4	0.001	7	0.029101231594024
0.41	0.001	7	0.0290751887749739
0.42	0.001	7	0.0290491653233985
0.43	0.001	7	0.0290231612289043
0.44	0.001	7	0.0289971764810998
0.45	0.001	7	0.028971211069595
0.46	0.001	7	0.0289452649840017
0.47	0.001	7	0.0289193382139337
0.48	0.001	7	0.0288934307490064
0.49	0.001	7	0.028867542578837
0.5	0.001	7	0.0288416736930445
0.51	0.001	7	0.0288158240812497
0.52	0.001	7	0.0287899937330751
0.53	0.001	7	0.0287641826381451
0.54	0.001	7	0.028738390786086
0.55	0.001	7	0.0287126181665256
0.56	0.001	7	0.0286868647690938
0.57	0.001	7	0.0286611305834221
0.58	0.001	7	0.0286354155991439
0.59	0.001	7	0.0286097198058945
0.6	0.001	7	0.0285840431933109
0.61	0.001	7	0.0285583857510319
0.62	0.001	7	0.0285327474686982
0.63	0.001	7	0.0285071283359523
0.64	0.001	7	0.0284815283424387
0.65	0.001	7	0.0284559474778034
0.66	0.001	7	0.0284303857316944
0.67	0.001	7	0.0284048430937617
0.68	0.001	7	0.0283793195536569
0.69	0.001	7	0.0283538151010337
0.7	0.001	7	0.0283283297255473
0.71	0.001	7	0.0283028634168551
0.72	0.001	7	0.0282774161646163
0.73	0.001	7	0.0282519879584917
0.74	0.001	7	0.0282265787881443
0.75	0.001	7	0.0282011886432388
0.76	0.001	7	0.0281758175134418
0.77	0.001	7	0.0281504653884218
0.78	0.001	7	0.0281251322578491
0.79	0.001	7	0.0280998181113959
0.8	0.001	7	0.0280745229387365
0.81	0.001	7	0.0280492467295468
0.82	0.001	7	0.0280239894735047
0.83	0.001	7	0.0279987511602901
0.84	0.001	7	0.0279735317795846
0.85	0.001	7	0.027948331321072
0.86	0.001	7	0.0279231497744376
0.87	0.001	7	0.027897987129369
0.88	0.001	7	0.0278728433755554
0.89	0.001	7	0.0278477185026882
0.9	0.001	7	0.0278226125004605
0.91	0.001	7	0.0277975253585675
0.92	0.001	8	0.0282106051540005
0.93	0.001	8	0.0281837654959901
0.94	0.001	8	0.0281569470992112
0.95	0.001	8	0.0281301499514434
0.96	0.001	8	0.0281033740404687
0.97	0.001	8	0.0280766193540713
0.98	0.001	8	0.028049885880038
0.99	0.001	8	0.0280231736061578
1	0.001	8	0.0279964825202222
1.01	0.001	8	0.0279698126100249
1.02	0.001	8	0.0279431638633621
1.03	0.001	8	0.0279165362680325
1.04	0.001	8	0.027889929811837
1.05	0.001	8	0.0278633444825789
1.06	0.001	8	0.027836780268064
1.07	0.001	8	0.0278102371561006
1.08	0.001	8	0.027783715134499
1.09	0.001	8	0.0277572141910724
1.1	0.001	8	0.0277307343136361
1.11	0.001	8	0.0277042754900081
1.12	0.001	8	0.0276778377080084
1.13	0.001	8	0.0276514209554598
1.14	0.001	8	0.0276250252201875
1.15	0.001	8	0.027598650490019
1.16	0.001	8	0.0275722967527842
1.17	0.001	8	0.0275459639963157
1.18	0.001	8	0.0275196522084483
1.19	0.001	8	0.0274933613770194
1.2	0.001	8	0.0274670914898689
1.21	0.001	8	0.0274408425348389
1.22	0.001	8	0.0274146144997743
1.23	0.001	8	0.0273884073725223
1.24	0.001	8	0.0273622211409326
1.25	0.001	8	0.0273360557928574
1.26	0.001	8	0.0273099113161514
1.27	0.001	8	0.0272837876986717
1.28	0.001	8	0.027257684928278
1.29	0.001	8	0.0272316029928324
1.3	0.001	8	0.0272055418801997
1.31	0.001	8	0.027179501578247
1.32	0.001	8	0.0271534820748441
1.33	0.001	8	0.027127483357863
1.34	0.001	8	0.0271015054151785
1.35	0.001	8	0.027075548234668
1.36	0.001	8	0.0270496118042111
1.37	0.001	8	0.0270236961116902
1.38	0.001	8	0.0269978011449901
1.39	0.001	8	0.0269719268919983
1.4	0.001	8	0.0269460733406046
1.41	0.001	8	0.0269202404787017
1.42	0.001	8	0.0268944282941844
1.43	0.001	8	0.0268686367749505
1.44	0.001	8	0.0268428659089002
1.45	0.001	8	0.026817115683936
1.46	0.001	8	0.0267913860879634
1.47	0.001	8	0.0267656771088903
1.48	0.001	8	0.0267399887346272
1.49	0.001	8	0.0267143209530869
1.5	0.001	8	0.0266886737521853
1.51	0.001	8	0.0266630471198406
1.52	0.001	8	0.0266374410439735
1.53	0.001	8	0.0266118555125076
1.54	0.001	8	0.0265862905133689
1.55	0.001	8	0.0265607460344859
1.56	0.001	8	0.02653522206379
1.57	0.001	8	0.0265097185892151
1.58	0.001	8	0.0264842355986976
1.59	0.001	8	0.0264587730801766
1.6	0.001	8	0.0264333310215941
1.61	0.001	8	0.0264079094108942
1.62	0.001	8	0.0263825082360242
1.63	0.001	8	0.0263571274849335
1.64	0.001	8	0.0263317671455746
1.65	0.001	8	0.0263064272059025
1.66	0.001	8	0.0262811076538747
1.67	0.001	8	0.0262558084774515
1.68	0.001	8	0.0262305296645959
1.69	0.001	8	0.0262052712032735
1.7	0.001	8	0.0261800330814526
1.71	0.001	8	0.0261548152871042
1.72	0.001	8	0.0261296178082019
1.73	0.001	8	0.0261044406327219
1.74	0.001	8	0.0260792837486434
1.75	0.001	8	0.0260541471439481
1.76	0.001	8	0.0260290308066202
1.77	0.001	8	0.026003934724647
1.78	0.001	8	0.0259788588860183
1.79	0.001	8	0.0259538032787264
1.8	0.001	8	0.0259287678907668
1.81	0.001	8	0.0259037527101372
1.82	0.001	8	0.0258787577248384
1.83	0.001	8	0.0258537829228737
1.84	0.001	8	0.0258288282922493
1.85	0.001	8	0.025803893820974
1.86	0.001	8	0.0257789794970593
1.87	0.001	8	0.0257540853085197
1.88	0.001	8	0.025729211243372
1.89	0.001	8	0.0257043572896362
1.9	0.001	8	0.0256795234353349
1.91	0.001	8	0.0256547096684932
1.92	0.001	8	0.0256299159771394
1.93	0.001	8	0.0256051423493042
1.94	0.001	8	0.0255803887730212
1.95	0.001	8	0.0255556552363269
1.96	0.001	8	0.0255309417272603
1.97	0.001	8	0.0255062482338635
1.98	0.001	8	0.025481574744181
1.99	0.001	8	0.0254569212462605
2	0.001	8	0.0254322877281522
2.01	0.001	8	0.0254076741779093
2.02	0.001	8	0.0253830805835875
2.03	0.001	8	0.0253585069332456
2.04	0.001	8	0.025333953214945
2.05	0.001	8	0.0253094194167502
2.06	0.001	8	0.0252849055267282
2.07	0.001	8	0.0252604115329489
2.08	0.001	8	0.0252359374234852
2.09	0.001	8	0.0252114831864126
2.1	0.001	8	0.0251870488098095
2.11	0.001	8	0.0251626342817572
2.12	0.001	8	0.0251382395903398
2.13	0.001	8	0.0251138647236442
2.14	0.001	8	0.0250895096697601
2.15	0.001	8	0.0250651744167804
2.16	0.001	8	0.0250408589528003
2.17	0.001	8	0.0250165632659182
2.18	0.001	8	0.0249922873442354
2.19	0.001	8	0.0249680311758559
2.2	0.001	8	0.0249437947488866
2.21	0.001	8	0.0249195780514374
2.22	0.001	8	0.0248953810716209
2.23	0.001	8	0.0248712037975527
2.24	0.001	8	0.0248470462173512
2.25	0.001	8	0.0248229083191378
2.26	0.001	8	0.0247987900910367
2.27	0.001	8	0.024774691521175
2.28	0.001	8	0.0247506125976828
2.29	0.001	8	0.0247265533086929
2.3	0.001	8	0.0247025136423412
2.31	0.001	8	0.0246784935867663
2.32	0.001	8	0.0246544931301101
2.33	0.001	8	0.0246305122605171
2.34	0.001	8	0.0246065509661346
2.35	0.001	8	0.0245826092351132
2.36	0.001	8	0.0245586870556062
2.37	0.001	8	0.0245347844157699
2.38	0.001	8	0.0245109013037635
2.39	0.001	8	0.0244870377077492
2.4	0.001	8	0.0244631936158919
2.41	0.001	8	0.0244393690163599
2.42	0.001	8	0.0244155638973241
2.43	0.001	8	0.0243917782469584
2.44	0.001	8	0.0243680120534398
2.45	0.001	8	0.0243442653049482
2.46	0.001	8	0.0243205379896663
2.47	0.001	8	0.02429683009578
2.48	0.001	8	0.0242731416114781
2.49	0.001	8	0.0242494725249523
2.5	0.001	8	0.0242258228243974
2.51	0.001	8	0.0242021924980111
2.52	0.001	8	0.0241785815339941
2.53	0.001	8	0.0241549899205501
2.54	0.001	8	0.0241314176458859
2.55	0.001	8	0.0241078646982111
2.56	0.001	8	0.0240843310657385
2.57	0.001	8	0.0240608167366837
2.58	0.001	8	0.0240373216992655
2.59	0.001	8	0.0240138459417056
2.6	0.001	8	0.0239903894522287
2.61	0.001	8	0.0239669522190627
2.62	0.001	8	0.0239435342304383
2.63	0.001	8	0.0239201354745894
2.64	0.001	8	0.0238967559397527
2.65	0.001	8	0.0238733956141683
2.66	0.001	8	0.023850054486079
2.67	0.001	8	0.0238267325437308
2.68	0.001	8	0.0238034297753728
2.69	0.001	8	0.0237801461692569
2.7	0.001	8	0.0237568817136384
2.71	0.001	8	0.0237336363967754
2.72	0.001	8	0.0237104102069291
2.73	0.001	8	0.0236872031323639
2.74	0.001	8	0.0236640151613471
2.75	0.001	8	0.0236408462821491
2.76	0.001	8	0.0236176964830436
2.77	0.001	8	0.0235945657523069
2.78	0.001	8	0.023571454078219
2.79	0.001	8	0.0235483614490625
2.8	0.001	8	0.0235252878531232
2.81	0.001	8	0.0235022332786901
2.82	0.001	8	0.0234791977140553
2.83	0.001	8	0.0234561811475138
2.84	0.001	8	0.023433183567364
2.85	0.001	8	0.0234102049619071
2.86	0.001	8	0.0233872453194476
2.87	0.001	8	0.0233643046282932
2.88	0.001	8	0.0233413828767544
2.89	0.001	8	0.0233184800531451
2.9	0.001	8	0.0232955961457822
2.91	0.001	8	0.0232727311429857
2.92	0.001	8	0.0232498850330789
2.93	0.001	8	0.0232270578043881
2.94	0.001	8	0.0232042494452427
2.95	0.001	8	0.0231814599439753
2.96	0.001	8	0.0231586892889217
2.97	0.001	8	0.0231359374684208
2.98	0.001	8	0.0231132044708146
2.99	0.001	8	0.0230904902844482
3	0.001	8	0.0230677948976701
3.01	0.001	8	0.0230451182988318
3.02	0.001	8	0.0230224604762879
3.03	0.001	8	0.0229998214183963
3.04	0.001	8	0.022977201113518
3.05	0.001	8	0.0229545995500172
3.06	0.001	8	0.0229320167162612
3.07	0.001	8	0.0229094526006208
3.08	0.001	8	0.0228869071914694
3.09	0.001	8	0.0228643804771842
3.1	0.001	8	0.0228418724461452
3.11	0.001	8	0.0228193830867358
3.12	0.001	8	0.0227969123873424
3.13	0.001	8	0.0227744603363547
3.14	0.001	8	0.0227520269221657
3.15	0.001	8	0.0227296121331716
3.16	0.001	8	0.0227072159577716
3.17	0.001	8	0.0226848383843683
3.18	0.001	8	0.0226624794013675
3.19	0.001	8	0.0226401389971782
3.2	0.001	8	0.0226178171602125
3.21	0.001	8	0.0225955138788861
3.22	0.001	8	0.0225732291416174
3.23	0.001	8	0.0225509629368286
3.24	0.001	9	0.0226319799579348
3.25	0.001	9	0.022608561653495
3.26	0.001	9	0.022585163780368
3.27	0.001	9	0.0225617863251691
3.28	0.001	9	0.0225384292745178
3.29	0.001	9	0.0225150926150373
3.3	0.001	9	0.0224917763333548
3.31	0.001	9	0.0224684804161015
3.32	0.001	9	0.0224452048499127
3.33	0.001	9	0.0224219496214273
3.34	0.001	9	0.0223987147172882
3.35	0.001	9	0.0223755001241427
3.36	0.001	9	0.0223523058286415
3.37	0.001	9	0.0223291318174395
3.38	0.001	9	0.0223059780771956
3.39	0.001	9	0.0222828445945726
3.4	0.001	9	0.0222597313562375
3.41	0.001	9	0.0222366383488608
3.42	0.001	9	0.0222135655591175
3.43	0.001	9	0.0221905129736863
3.44	0.001	9	0.0221674805792499
3.45	0.001	9	0.0221444683624951
3.46	0.001	9	0.0221214763101127
3.47	0.001	9	0.0220985044087974
3.48	0.001	9	0.0220755526452479
3.49	0.001	9	0.0220526210061671
3.5	0.001	9	0.0220297094782618
3.51	0.001	9	0.0220068180482428
3.52	0.001	9	0.0219839467028248
3.53	0.001	9	0.0219610954287269
3.54	0.001	9	0.0219382642126719
3.55	0.001	9	0.0219154530413867
3.56	0.001	9	0.0218926619016023
3.57	0.001	9	0.0218698907800538
3.58	0.001	9	0.0218471396634802
3.59	0.001	9	0.0218244085386246
3.6	0.001	9	0.0218016973922344
3.61	0.001	9	0.0217790062110606
3.62	0.001	9	0.0217563349818586
3.63	0.001	9	0.0217336836913879
3.64	0.001	9	0.0217110523264118
3.65	0.001	9	0.0216884408736978
3.66	0.001	9	0.0216658493200178
3.67	0.001	9	0.0216432776521471
3.68	0.001	9	0.0216207258568658
3.69	0.001	9	0.0215981939209577
3.7	0.001	9	0.0215756818312107
3.71	0.001	9	0.0215531895744169
3.72	0.001	9	0.0215307171373726
3.73	0.001	9	0.0215082645068779
3.74	0.001	9	0.0214858316697373
3.75	0.001	9	0.0214634186127594
3.76	0.001	9	0.0214410253227568
3.77	0.001	9	0.0214186517865461
3.78	0.001	9	0.0213962979909484
3.79	0.001	9	0.0213739639227887
3.8	0.001	9	0.021351649568896
3.81	0.001	9	0.0213293549161037
3.82	0.001	9	0.0213070799512493
3.83	0.001	9	0.0212848246611743
3.84	0.001	9	0.0212625890327245
3.85	0.001	9	0.0212403730527497
3.86	0.001	9	0.0212181767081041
3.87	0.001	9	0.0211959999856458
3.88	0.001	9	0.0211738428722371
3.89	0.001	9	0.0211517053547448
3.9	0.001	9	0.0211295874200394
3.91	0.001	9	0.021107489054996
3.92	0.001	9	0.0210854102464935
3.93	0.001	9	0.0210633509814152
3.94	0.001	9	0.0210413112466487
3.95	0.001	9	0.0210192910290855
3.96	0.001	9	0.0209972903156215
3.97	0.001	9	0.0209753090931567
3.98	0.001	9	0.0209533473485954
3.99	0.001	9	0.0209314050688461
4	0.001	9	0.0209094822408214
4.01	0.001	9	0.0208875788514383
4.02	0.001	9	0.0208656948876177
4.03	0.001	9	0.020843830336285
4.04	0.001	9	0.0208219851843699
4.05	0.001	9	0.0208001594188061
4.06	0.001	9	0.0207783530265315
4.07	0.001	9	0.0207565659944885
4.08	0.001	9	0.0207347983096235
4.09	0.001	9	0.0207130499588872
4.1	0.001	9	0.0206913209292348
4.11	0.001	9	0.0206696112076253
4.12	0.001	9	0.0206479207810224
4.13	0.001	9	0.0206262496363937
4.14	0.001	9	0.0206045977607112
4.15	0.001	9	0.0205829651409513
4.16	0.001	9	0.0205613517640946
4.17	0.001	9	0.0205397576171257
4.18	0.001	9	0.0205181826870338
4.19	0.001	9	0.0204966269608124
4.2	0.001	9	0.0204750904254591
4.21	0.001	9	0.0204535730679758
4.22	0.001	9	0.0204320748753689
4.23	0.001	9	0.0204105958346487
4.24	0.001	9	0.0203891359328303
4.25	0.001	9	0.0203676951569327
4.26	0.001	9	0.0203462734939793
4.27	0.001	9	0.020324870930998
4.28	0.001	9	0.0203034874550209
4.29	0.001	9	0.0202821230530842
4.3	0.001	9	0.0202607777122288
4.31	0.001	9	0.0202394514194996
4.32	0.001	9	0.0202181441619461
4.33	0.001	9	0.0201968559266219
4.34	0.001	9	0.020175586700585
4.35	0.001	9	0.0201543364708979
4.36	0.001	9	0.0201331052246271
4.37	0.001	9	0.0201118929488438
4.38	0.001	9	0.0200906996306234
4.39	0.001	9	0.0200695252570457
4.4	0.001	9	0.0200483698151946
4.41	0.001	9	0.0200272332921588
4.42	0.001	9	0.0200061156750309
4.43	0.001	9	0.0199850169509083
4.44	0.001	9	0.0199639371068925
4.45	0.001	9	0.0199428761300893
4.46	0.001	9	0.0199218340076092
4.47	0.001	9	0.0199008107265668
4.48	0.001	9	0.0198798062740812
4.49	0.001	9	0.0198588206372758
4.5	0.001	9	0.0198378538032785
4.51	0.001	9	0.0198169057592216
4.52	0.001	9	0.0197959764922416
4.53	0.001	9	0.0197750659894796
4.54	0.001	9	0.0197541742380811
4.55	0.001	9	0.0197333012251959
4.56	0.001	9	0.0197124469379782
4.57	0.001	9	0.0196916113635867
4.58	0.001	9	0.0196707944891846
4.59	0.001	9	0.0196499963019392
4.6	0.001	9	0.0196292167890226
4.61	0.001	9	0.0196084559376111
4.62	0.001	9	0.0195877137348855
4.63	0.001	9	0.019566990168031
4.64	0.001	9	0.0195462852242372
4.65	0.001	9	0.0195255988906983
4.66	0.001	9	0.0195049311546128
4.67	0.001	9	0.0194842820031836
4.68	0.001	9	0.0194636514236183
4.69	0.001	9	0.0194430394031286
4.7	0.001	9	0.019422445928931
4.71	0.001	9	0.0194018709882463
4.72	0.001	9	0.0193813145682997
4.73	0.001	9	0.0193607766563209
4.74	0.001	9	0.0193402572395441
4.75	0.001	9	0.0193197563052081
4.76	0.001	9	0.019299273840556
4.77	0.001	9	0.0192788098328353
4.78	0.001	9	0.0192583642692983
4.79	0.001	9	0.0192379371372015
4.8	0.001	9	0.019217528423806
4.81	0.001	9	0.0191971381163773
4.82	0.001	9	0.0191767662021856
4.83	0.001	9	0.0191564126685055
4.84	0.001	9	0.0191360775026159
4.85	0.001	9	0.0191157606918005
4.86	0.001	9	0.0190954622233474
4.87	0.001	9	0.0190751820845491
4.88	0.001	9	0.0190549202627028
4.89	0.001	9	0.01903467674511
4.9	0.001	9	0.0190144515190771
4.91	0.001	9	0.0189942445719145
4.92	0.001	9	0.0189740558909376
4.93	0.001	9	0.018953885463466
4.94	0.001	9	0.018933733276824
4.95	0.001	9	0.0189135993183404
4.96	0.001	9	0.0188934835753486
4.97	0.001	9	0.0188733860351864
4.98	0.001	9	0.0188533066851963
4.99	0.001	9	0.0188332455127252
5	0.001	9	0.0188132025051247
5.01	0.001	9	0.0187931776497508
5.02	0.001	9	0.0187731709339641
5.03	0.001	9	0.01875318234513
5.04	0.001	9	0.0187332118706181
5.05	0.001	9	0.0187132594978028
5.06	0.001	9	0.0186933252140629
5.07	0.001	9	0.018673409006782
5.08	0.001	9	0.0186535108633481
5.09	0.001	9	0.0186336307711539
5.1	0.001	9	0.0186137687175965
5.11	0.001	9	0.0185939246900777
5.12	0.001	9	0.018574098676004
5.13	0.001	9	0.0185542906627863
5.14	0.525541626545207	9	0.0186053350540212
5.15	0.834892771299794	9	0.0186935430443628
5.16	0.931938645063808	9	0.0187177165682198
5.17	1.0398538124244	9	0.0187435004939042
5.18	1.3988139058218	9	0.0189022194426196
5.19	1.673628	9	0.01909505
5.2	0.001	10	0.0184742313641221
5.21	0.001	10	0.0184536645944256
5.22	0.001	10	0.0184331173274739
5.23	0.001	10	0.0184125895490161
5.24	0.001	10	0.0183920812448069
5.25	0.001	10	0.0183715924006062
5.26	0.001	10	0.0183511230021794
5.27	0.001	10	0.0183306730352975
5.28	0.001	10	0.0183102424857371
5.29	0.001	10	0.0182898313392799
5.3	0.001	10	0.0182694395817133
5.31	0.001	10	0.0182490671988304
5.32	0.001	10	0.0182287141764293
5.33	0.001	10	0.0182083805003142
5.34	0.001	10	0.0181880661562942
5.35	0.001	10	0.0181677711301843
5.36	0.001	10	0.0181474954078049
5.37	0.001	10	0.0181272389749818
5.38	0.001	10	0.0181070018175466
5.39	0.001	10	0.0180867839213361
5.4	0.001	10	0.0180665852721929
5.41	0.001	10	0.0180464058559648
5.42	0.001	10	0.0180262456585054
5.43	0.001	10	0.0180061046656737
5.44	0.001	10	0.0179859828633344
5.45	0.001	10	0.0179658802373575
5.46	0.001	10	0.0179457967736187
5.47	0.001	10	0.0179257324579992
5.48	0.001	10	0.0179056872763858
5.49	0.001	10	0.0178856612146707
5.5	0.001	10	0.0178656542587519
5.51	0.001	10	0.0178456663945328
5.52	0.001	10	0.0178256976079223
5.53	0.001	10	0.0178057478848351
5.54	0.001	10	0.0177858172111912
5.55	0.001	10	0.0177659055729163
5.56	0.001	10	0.0177460129559418
5.57	0.001	10	0.0177261393462044
5.58	0.001	10	0.0177062847296467
5.59	0.001	10	0.0176864490922166
5.6	0.001	10	0.0176666324198679
5.61	0.001	10	0.0176468346985596
5.62	0.001	10	0.0176270559142566
5.63	0.001	10	0.0176072960529294
5.64	0.001	10	0.0175875551005538
5.65	0.001	10	0.0175678330431117
5.66	0.001	10	0.0175481298665901
5.67	0.001	10	0.017528445556982
5.68	0.001	10	0.0175087801002858
5.69	0.001	10	0.0174891334825055
5.7	0.001	10	0.017469505689651
5.71	0.001	10	0.0174498967077375
5.72	0.001	10	0.0174303065227861
5.73	0.001	10	0.0174107351208232
5.74	0.001	10	0.0173911824878812
5.75	0.001	10	0.017371648609998
5.76	0.001	10	0.0173521334732169
5.77	0.001	10	0.0173326370635873
5.78	0.001	10	0.017313159367164
5.79	0.001	10	0.0172937003700073
5.8	0.001	10	0.0172742600581835
5.81	0.001	10	0.0172548384177643
5.82	0.001	10	0.0172354354348272
5.83	0.001	10	0.0172160510954552
5.84	0.001	10	0.0171966853857373
5.85	0.001	10	0.0171773382917677
5.86	0.001	10	0.0171580097996468
5.87	0.001	10	0.0171386998954802
5.88	0.001	10	0.0171194085653795
5.89	0.001	10	0.0171001357954619
5.9	0.001	10	0.0170808815718501
5.91	0.001	10	0.0170616458806728
5.92	0.001	10	0.0170424287080643
5.93	0.001	10	0.0170232300401644
5.94	0.001	10	0.0170040498631189
5.95	0.001	10	0.016984888163079
5.96	0.001	10	0.0169657449262018
5.97	0.001	10	0.0169466201386502
5.98	0.001	10	0.0169275137865925
5.99	0.001	10	0.0169084258562031
6	0.001	10	0.0168893563336617
6.01	0.001	10	0.0168703052051541
6.02	0.001	10	0.0168512724568716
6.03	0.001	10	0.0168322580750113
6.04	0.001	10	0.016813262045776
6.05	0.001	10	0.0167942843553743
6.06	0.001	10	0.0167753249900204
6.07	0.001	10	0.0167563839359345
6.08	0.001	10	0.0167374611793423
6.09	0.001	10	0.0167185567064752
6.1	0.001	10	0.0166996705035707
6.11	0.001	10	0.0166808025568716
6.12	0.001	10	0.0166619528526269
6.13	0.001	10	0.0166431213770909
6.14	0.001	10	0.0166243081165242
6.15	0.001	10	0.0166055130571926
6.16	0.001	10	0.016586736185368
6.17	0.001	10	0.016567977487328
6.18	0.001	10	0.016549236949356
6.19	0.001	10	0.0165305145577412
6.2	0.001	10	0.0165118102987784
6.21	0.001	10	0.0164931241587684
6.22	0.001	10	0.0164744561240177
6.23	0.001	10	0.0164558061808385
6.24	0.001	10	0.016437174315549
6.25	0.001	10	0.0164185605144729
6.26	0.001	10	0.01639996476394
6.27	0.001	10	0.0163813870502856
6.28	0.001	10	0.0163628273598512
6.29	0.001	10	0.0163442856789836
6.3	0.001	10	0.0163257619940358
6.31	0.001	10	0.0163072562913665
6.32	0.001	10	0.0162887685573401
6.33	0.001	10	0.016270298778327
6.34	0.001	10	0.0162518469407033
6.35	0.001	10	0.016233413030851
6.36	0.001	10	0.0162149970351577
6.37	0.001	10	0.0161965989400172
6.38	0.001	10	0.0161782187318288
6.39	0.001	10	0.0161598563969978
6.4	0.001	10	0.0161415119219354
6.41	0.001	10	0.0161231852930583
6.42	0.001	10	0.0161048764967894
6.43	0.001	10	0.0160865855195574
6.44	0.001	10	0.0160683123477967
6.45	0.001	10	0.0160500569679475
6.46	0.001	10	0.0160318193664561
6.47	0.001	10	0.0160135995297745
6.48	0.001	10	0.0159953974443605
6.49	0.001	10	0.0159772130966779
6.5	0.001	10	0.0159590464731963
6.51	0.001	10	0.0159408975603911
6.52	0.001	10	0.0159227663447437
6.53	0.001	10	0.0159046528127413
6.54	0.001	10	0.0158865569508769
6.55	0.001	10	0.0158684787456495
6.56	0.001	10	0.0158504181835639
6.57	0.001	10	0.0158323752511308
6.58	0.001	10	0.0158143499348668
6.59	0.001	10	0.0157963422212944
6.6	0.001	10	0.0157783520969419
6.61	0.001	10	0.0157603795483436
6.62	0.001	10	0.0157424245620397
6.63	0.001	10	0.0157244871245761
6.64	0.001	10	0.0157065672225048
6.65	0.001	10	0.0156886648423838
6.66	0.001	10	0.0156707799707767
6.67	0.001	10	0.0156529125942531
6.68	0.001	10	0.0156350626993887
6.69	0.001	10	0.0156172302727649
6.7	0.001	10	0.0155994153009691
6.71	0.001	10	0.0155816177705947
6.72	0.001	10	0.0155638376682408
6.73	0.001	10	0.0155460749805125
6.74	0.001	10	0.0155283296940211
6.75	0.001	10	0.0155106017953834
6.76	0.001	10	0.0154928912712224
6.77	0.001	10	0.0154751981081669
6.78	0.001	10	0.0154575222928518
6.79	0.001	10	0.0154398638119177
6.8	0.001	10	0.0154222226520114
6.81	0.001	10	0.0154045987997855
6.82	0.001	10	0.0153869922418985
6.83	0.550418431815229	10	0.0154403840379235
6.84	1.62704642615018	10	0.0157751498745171
6.85	3.190608	11	0.01681565
6.86	0.001	11	0.015105677060186
6.87	0.001	11	0.0150877066480972
6.88	0.001	11	0.0150697546103048
6.89	0.001	11	0.0150518209320155
6.9	0.001	11	0.0150339055984428
6.91	0.001	11	0.0150160085948071
6.92	0.001	11	0.0149981299063358
6.93	0.001	11	0.0149802695182634
6.94	0.001	11	0.0149624274158313
6.95	0.001	11	0.0149446035842878
6.96	0.001	11	0.0149267980088881
6.97	0.001	11	0.0149090106748947
6.98	0.001	11	0.0148912415675767
6.99	0.001	11	0.0148734906722104
7	0.001	11	0.014855757974079
7.01	0.001	11	0.0148380434584728
7.02	0.001	11	0.0148203471106889
7.03	0.001	11	0.0148026689160315
7.04	0.001	11	0.0147850088598119
7.05	0.001	11	0.0147673669273483
7.06	0.001	11	0.0147497431039657
7.07	0.001	11	0.0147321373749964
7.08	0.001	11	0.0147145497257796
7.09	0.001	11	0.0146969801416614
7.1	0.001	11	0.0146794286079952
7.11	0.001	11	0.0146618951101411
7.12	0.001	11	0.0146443796334663
7.13	0.001	11	0.0146268821633451
7.14	0.001	11	0.0146094026851587
7.15	0.001	11	0.0145919411842956
7.16	0.001	11	0.0145744976461509
7.17	0.001	11	0.014557072056127
7.18	0.001	11	0.0145396643996333
7.19	0.001	11	0.0145222746620863
7.2	0.001	11	0.0145049028289093
7.21	0.001	11	0.0144875488855328
7.22	0.001	11	0.0144702128173944
7.23	0.001	11	0.0144528946099386
7.24	0.001	11	0.0144355942486171
7.25	0.001	11	0.0144183117188884
7.26	0.001	11	0.0144010470062184
7.27	0.001	11	0.0143838000960796
7.28	0.001	11	0.0143665709739521
7.29	0.001	11	0.0143493596253225
7.3	0.001	11	0.0143321660356849
7.31	0.001	11	0.0143149901905403
7.32	0.001	11	0.0142978320753967
7.33	0.001	11	0.0142806916757692
7.34	0.001	11	0.01426356897718
7.35	0.001	11	0.0142464639651584
7.36	0.001	11	0.0142293766252408
7.37	0.001	11	0.0142123069429704
7.38	0.001	11	0.0141952549038979
7.39	0.001	11	0.0141782204935808
7.4	0.001	11	0.0141612036975837
7.41	0.001	11	0.0141442045014784
7.42	0.001	11	0.0141272228908437
7.43	0.001	11	0.0141102588512655
7.44	0.001	11	0.0140933123683369
7.45	0.001	11	0.0140763834276579
7.46	0.001	11	0.0140594720148358
7.47	0.001	11	0.0140425781154849
7.48	0.001	11	0.0140257017152264
7.49	0.001	11	0.0140088427996891
7.5	0.001	11	0.0139920013545084
7.51	0.001	11	0.013975177365327
7.52	0.001	11	0.0139583708177949
7.53	0.001	11	0.013941581697569
7.54	0.001	11	0.0139248099903133
7.55	0.001	11	0.013908055681699
7.56	0.001	11	0.0138913187574044
7.57	0.001	11	0.0138745992031148
7.58	0.001	11	0.0138578970045229
7.59	0.001	11	0.0138412121473283
7.6	0.001	11	0.0138245446172378
7.61	0.001	11	0.0138078943999654
7.62	0.001	11	0.0137912614812319
7.63	0.001	11	0.0137746458467658
7.64	0.001	11	0.0137580474823022
7.65	0.001	11	0.0137414663735837
7.66	0.001	11	0.0137249025063598
7.67	0.001	11	0.0137083558663873
7.68	0.001	11	0.0136918264394301
7.69	0.001	11	0.0136753142112592
7.7	0.001	11	0.0136588191676528
7.71	0.001	11	0.0136423412943963
7.72	0.001	11	0.0136258805772821
7.73	0.001	11	0.0136094370021099
7.74	0.001	11	0.0135930105546864
7.75	0.001	11	0.0135766012208257
7.76	0.001	11	0.0135602089863489
7.77	0.001	11	0.0135438338370842
7.78	0.001	11	0.0135274757588671
7.79	0.001	11	0.0135111347375402
7.8	0.001	11	0.0134948107589533
7.81	0.001	11	0.0134785038089634
7.82	0.001	11	0.0134622138734345
7.83	0.001	11	0.0134459409382381
7.84	0.001	11	0.0134296849892525
7.85	0.001	11	0.0134134460123635
7.86	0.001	11	0.0133972239934638
7.87	0.001	11	0.0133810189184536
7.88	0.001	11	0.0133648307732399
7.89	0.001	11	0.0133486595437372
7.9	0.001	11	0.0133325052158672
7.91	0.001	11	0.0133163677755585
7.92	0.001	11	0.0133002472087471
7.93	0.001	11	0.0132841435013762
7.94	0.001	11	0.0132680566393962
7.95	0.001	11	0.0132519866087645
7.96	0.001	11	0.013235933395446
7.97	0.001	11	0.0132198969854126
7.98	0.001	11	0.0132038773646435
7.99	0.001	11	0.013187874519125
8	0.001	11	0.0131718884348507
8.01	0.001	11	0.0131559190978213
8.02	0.001	11	0.0131399664940449
8.03	0.001	11	0.0131240306095367
8.04	0.001	11	0.013108111430319
8.05	0.001	11	0.0130922089424216
8.06	0.001	11	0.0130763231318812
8.07	0.001	11	0.0130604539847419
8.08	0.001	11	0.0130446014870551
8.09	0.001	11	0.0130287656248792
8.1	0.001	11	0.0130129463842799
8.11	0.001	11	0.0129971437513302
8.12	0.001	11	0.0129813577121104
8.13	0.001	11	0.0129655882527078
8.14	0.001	11	0.0129498353592171
8.15	0.001	11	0.0129340990177402
8.16	0.001	11	0.0129183792143861
8.17	0.001	11	0.0129026759352713
8.18	0.001	11	0.0128869891665193
8.19	0.001	11	0.012871318894261
8.2	0.001	11	0.0128556651046345
8.21	0.001	11	0.012840027783785
8.22	0.001	11	0.0128244069178652
8.23	0.001	11	0.0128088024930348
8.24	0.001	11	0.0127932144954609
8.25	0.001	11	0.0127776429113178
8.26	0.54418764199993	11	0.012814915302038
8.27	0.793332765859098	11	0.0128601371385161
8.28	1.95786151847188	11	0.0132743188112372
8.29	2.064458141165	11	0.0133132399402012
8.3	2.34965171888964	11	0.0135135151504595
8.31	2.67278164267883	11	0.0137237847379569
8.32	3.00251307118098	11	0.0140224384459013
8.33	3.75862729244281	11	0.0147703371958505
8.34	3.92422245732268	11	0.0149978015590091
8.35	3.98466170636272	11	0.0150560538441864
8.36	4.77846243531706	11	0.0158982467389817
8.37	4.8036055339251	11	0.0159391087207545
8.38	5.38498753960323	11	0.0166835520974412
8.39	0.001	12	0.0123244915785511
8.4	0.001	12	0.0123089051895802
8.41	0.001	12	0.0122933358808049
8.42	0.001	12	0.0122777836372099
8.43	0.001	12	0.0122622484437882
8.44	0.001	12	0.0122467302855413
8.45	0.001	12	0.0122312291474789
8.46	0.001	12	0.0122157450146191
8.47	0.001	12	0.0122002778719882
8.48	0.001	12	0.0121848277046212
8.49	0.001	12	0.012169394497561
8.5	0.001	12	0.0121539782358592
8.51	0.001	12	0.0121385789045756
8.52	0.001	12	0.0121231964887783
8.53	0.001	12	0.0121078309735439
8.54	0.001	12	0.0120924823439573
8.55	0.001	12	0.0120771505851116
8.56	0.001	12	0.0120618356821086
8.57	0.001	12	0.0120465376200581
8.58	0.001	12	0.0120312563840785
8.59	0.001	12	0.0120159919592964
8.6	0.001	12	0.0120007443308469
8.61	0.001	12	0.0119855134838734
8.62	0.001	12	0.0119702994035277
8.63	0.001	12	0.0119551020749698
8.64	0.001	12	0.0119399214833684
8.65	0.001	12	0.0119247576139003
8.66	0.001	12	0.0119096104517508
8.67	0.001	12	0.0118944799821134
8.68	0.001	12	0.0118793661901902
8.69	0.001	12	0.0118642690611916
8.7	0.001	12	0.0118491885803363
8.71	0.001	12	0.0118341247328514
8.72	0.001	12	0.0118190775039725
8.73	0.001	12	0.0118040468789435
8.74	0.001	12	0.0117890328430166
8.75	0.001	12	0.0117740353814524
8.76	0.001	12	0.0117590544795202
8.77	0.001	12	0.0117440901224972
8.78	0.001	12	0.0117291422956693
8.79	0.001	12	0.0117142109843307
8.8	0.001	12	0.011699296173784
8.81	0.001	12	0.0116843978493402
8.82	0.001	12	0.0116695159963187
8.83	0.001	12	0.0116546506000473
8.84	0.001	12	0.011639801645862
8.85	0.001	12	0.0116249691191076
8.86	0.001	12	0.011610153005137
8.87	0.001	12	0.0115953532893114
8.88	0.001	12	0.0115805699570008
8.89	0.001	12	0.0115658029935832
8.9	0.001	12	0.0115510523844452
8.91	0.001	12	0.0115363181149818
8.92	0.001	12	0.0115216001705964
8.93	0.001	12	0.0115068985367007
8.94	0.001	12	0.011492213198715
8.95	0.001	12	0.0114775441420677
8.96	0.001	12	0.011462891352196
8.97	0.001	12	0.0114482548145451
8.98	0.001	12	0.0114336345145691
8.99	0.001	12	0.01141903043773
9	0.001	12	0.0114044425694985
9.01	0.001	12	0.0113898708953537
9.02	0.001	12	0.0113753154007831
9.03	0.001	12	0.0113607760712825
9.04	0.001	12	0.0113462528923562
9.05	0.001	12	0.011331745849517
9.06	0.001	12	0.011317254928286
9.07	0.001	12	0.0113027801141928
9.08	0.001	12	0.0112883213927754
9.09	0.001	12	0.0112738787495801
9.1	0.001	12	0.0112594521701618
9.11	0.001	12	0.0112450416400837
9.12	0.001	12	0.0112306471449176
9.13	0.001	12	0.0112162686702434
9.14	0.001	12	0.0112019062016498
9.15	0.001	12	0.0111875597247337
9.16	0.001	12	0.0111732292251005
9.17	0.001	12	0.0111589146883639
9.18	0.001	12	0.0111446161001462
9.19	0.001	12	0.0111303334460782
9.2	0.001	12	0.0111160667117989
9.21	0.001	12	0.0111018158829558
9.22	0.001	12	0.0110875809452049
9.23	0.001	12	0.0110733618842106
9.24	0.001	12	0.0110591586856457
9.25	0.001	12	0.0110449713351916
9.26	0.001	12	0.0110307998185379
9.27	0.001	12	0.0110166441213828
9.28	0.001	12	0.0110025042294328
9.29	0.001	12	0.010988380128403
9.3	0.001	12	0.0109742718040169
9.31	0.001	12	0.0109601792420063
9.32	0.001	12	0.0109461024281117
9.33	0.001	12	0.0109320413480817
9.34	0.001	12	0.0109179959876736
9.35	0.001	12	0.0109039663326532
9.36	0.001	12	0.0108899523687945
9.37	0.001	12	0.01087595408188
9.38	0.001	12	0.0108619714577009
9.39	0.001	12	0.0108480044820565
9.4	0.001	12	0.0108340531407547
9.41	0.001	12	0.0108201174196119
9.42	0.001	12	0.010806197304453
9.43	0.001	12	0.010792292781111
9.44	0.001	12	0.0107784038354279
9.45	0.001	12	0.0107645304532536
9.46	0.001	12	0.0107506726204468
9.47	0.001	12	0.0107368303228745
9.48	0.001	12	0.0107230035464123
9.49	0.001	12	0.0107091922769441
9.5	0.001	12	0.0106953965003622
9.51	0.001	12	0.0106816162025677
9.52	0.001	12	0.0106678513694697
9.53	1.06792649497522	12	0.0107867919205814
9.54	1.36888007197021	12	0.0108831502469272
9.55	1.41142457810936	12	0.0108847971876558
9.56	1.7759812895194	12	0.0110680018511847
9.57	1.95468015674254	12	0.0111786973839594
9.58	2.27236497203408	12	0.0113394106282561
9.59	2.30152943331664	12	0.0113483753991828
9.6	2.57168396515491	12	0.0115612849104656
9.61	3.29793512178592	12	0.0121346959801426
9.62	2.65062401672798	12	0.011604647937922
9.63	3.33528082469503	12	0.0121832950600231
9.64	3.34823739895031	12	0.0121960480930817
9.65	3.36783751120041	12	0.0122228252898389
9.66	3.57710099633362	12	0.012462698187721
9.67	3.790406337843	12	0.0126046873427961
9.68	3.86282386509638	12	0.0126897542507151
9.69	4.29590086488513	12	0.013147524529482
9.7	4.35830258093077	12	0.0132196710046998
9.71	5.90694665268046	12	0.0150670019980803
9.72	5.93726618849353	12	0.0151037469030074
9.73	4.50249317475424	12	0.0133774726873141
9.74	4.53824465221902	12	0.0134019067975244
9.75	4.68272989485448	12	0.0135462783621483
9.76	4.73312019208398	12	0.0135892136092011
9.77	4.78140706860979	12	0.0136482033453298
9.78	0.001	13	0.0100402039371114
9.79	0.001	13	0.0100267666800561
9.8	0.001	13	0.0100133451214068
9.81	0.001	13	0.00999993924621118
9.82	0.001	13	0.00998654903952654
9.83	0.001	13	0.00997317448641974
9.84	0.001	13	0.0099598155719672
9.85	0.001	13	0.00994647228125486
9.86	0.001	13	0.00993314459937824
9.87	0.001	13	0.00991983251144237
9.88	0.001	13	0.00990653600256187
9.89	0.001	13	0.00989325505786092
9.9	0.001	13	0.00987998966247319
9.91	0.001	13	0.00986673980154197
9.92	0.001	13	0.00985350546022004
9.93	0.001	13	0.00984028662366978
9.94	0.001	13	0.00982708327706311
9.95	0.001	13	0.00981389540558148
9.96	0.001	13	0.00980072299441592
9.97	0.001	13	0.00978756602876698
9.98	0.001	13	0.00977442449384477
9.99	0.001	13	0.00976129837486901
10	0.001	13	0.00974818765706888
10.01	0.001	13	0.00973509232568316
10.02	0.001	13	0.00972201236596017
10.03	0.001	13	0.00970894776315778
10.04	0.001	13	0.00969589850254344
10.05	0.001	13	0.00968286456939412
10.06	0.001	13	0.00966984594899634
10.07	0.001	13	0.00965684262664619
10.08	0.001	13	0.00964385458764928
10.09	0.001	13	0.00963088181732082
10.1	0.001	13	0.00961792430098553
10.11	0.001	13	0.0096049820239777
10.12	0.001	13	0.00959205497164115
10.13	0.001	13	0.00957914312932927
10.14	0.001	13	0.00956624648240502
10.15	0.001	13	0.00955336501624085
10.16	0.001	13	0.00954049871621882
10.17	0.001	13	0.0095276475677305
10.18	0.001	13	0.00951481155617702
10.19	0.001	13	0.00950199066696909
10.2	0.001	13	0.00948918488552692
10.21	0.001	13	0.00947639419728031
10.22	0.001	13	0.00946361858766857
10.23	0.001	13	0.00945085804214059
10.24	0.001	13	0.00943811254615482
10.25	0.001	13	0.00942538208517922
10.26	0.001	13	0.00941266664469131
10.27	0.001	13	0.00939996621017816
10.28	0.001	13	0.0093872807671364
10.29	0.001	13	0.0093746103010722
10.3	0.001	13	0.00936195479750127
10.31	0.001	13	0.00934931424194886
10.32	0.001	13	0.00933668861994978
10.33	0.001	13	0.00932407791704841
10.34	0.001	13	0.00931148211879861
10.35	0.001	13	0.00929890121076385
10.36	0.001	13	0.00928633517851711
10.37	0.001	13	0.0092737840076409
10.38	0.001	13	0.00926124768372734
10.39	0.001	13	0.00924872619237803
10.4	0.001	13	0.00923621951920413
10.41	0.001	13	0.00922372764982636
10.42	0.001	13	0.00921125056987494
10.43	0.001	13	0.0091987882649897
10.44	0.001	13	0.00918634072081996
10.45	0.001	13	0.00917390792302459
10.46	0.001	13	0.00916148985727202
10.47	0.001	13	0.00914908650924018
10.48	0.001	13	0.0091366978646166
10.49	0.001	13	0.0091243239090983
10.5	0.001	13	0.00911196462839186
10.51	0.001	13	0.0090996200082134
10.52	0.001	13	0.00908729003428855
10.53	0.001	13	0.00907497469235252
10.54	0.001	13	0.00906267396815004
10.55	0.001	13	0.00905038784743537
10.56	0.001	13	0.0090381163159723
10.57	0.001	13	0.00902585935953417
10.58	0.001	13	0.00901361696390386
10.59	0.001	13	0.00900138911487377
10.6	0.001	13	0.00898917579824584
10.61	0.001	13	0.00897697699983154
10.62	0.001	13	0.00896479270545186
10.63	0.001	13	0.00895262290093738
10.64	0.001	13	0.00894046757212813
10.65	0.001	13	0.00892832670487373
10.66	0.273286322011646	13	0.0089260226453314
10.67	1.09142268839429	13	0.00909885578282463
10.68	1.33474184287227	13	0.00917869463328565
10.69	1.432037748365	13	0.00921166707521489
10.7	1.63060812615402	13	0.00927123516715915
10.71	1.75690245772998	13	0.00933170763177162
10.72	9.10032253652324	13	0.0170737647104247
10.73	2.04551450506313	13	0.00949394919253465
10.74	2.1139963424659	13	0.00953013785636069
10.75	2.89649448154264	13	0.0100354854540996
10.76	2.92043925256468	13	0.0100453649457596
10.77	2.94096793364742	13	0.0100565160898083
10.78	3.14097531657188	13	0.0102458901136017
10.79	3.15295517981168	13	0.0102629219846273
10.8	2.97214294368474	13	0.0101068532529976
10.81	3.16918455034871	13	0.0102782617976406
10.82	3.1854910689233	13	0.010306475723484
10.83	3.39790375084258	13	0.0104740523590679
10.84	3.43128569839774	13	0.0105026973265264
10.85	3.77467557468162	13	0.0108059549991253
10.86	3.7954933873789	13	0.0108273133492659
10.87	3.9118836361437	13	0.0109500398835626
10.88	3.94528140334802	13	0.0109762069753103
10.89	3.98289065928677	13	0.0110248088324825
10.9	4.07583883495879	13	0.0111055377465949
10.91	4.11886224131891	13	0.0111446109930046
10.92	4.93284477653759	13	0.0118642199046291
10.93	5.16650420318739	13	0.0122013944521635
10.94	5.23048381705195	13	0.0122764215460663
10.95	5.28449903555014	13	0.0123619735228297
10.96	5.35478226358367	13	0.0124486288675894
10.97	5.38687664240653	13	0.0125037295212979
10.971	4.400006	13	0.01139817
10.99	0.001	14	0.00832746498633303
11	0.001	14	0.00831574456290306
11.01	0.001	14	0.00830403862743316
11.02	0.001	14	0.00829234716513331
11.03	0.001	14	0.00828067016122407
11.04	0.001	14	0.00826900760093656
11.05	0.001	14	0.00825735946951246
11.06	0.001	14	0.00824572575220401
11.07	0.001	14	0.00823410643427404
11.08	0.001	14	0.00822250150099591
11.09	0.001	14	0.00821091093765357
11.1	0.001	14	0.00819933472954152
11.11	0.001	14	0.00818777286196481
11.12	0.001	14	0.00817622532023903
11.13	0.001	14	0.00816469208969039
11.14	0.001	14	0.0081531731556556
11.15	0.001	14	0.00814166850348193
11.16	0.001	14	0.00813017811852722
11.17	0.001	14	0.00811870198615983
11.18	0.001	14	0.00810724009175871
11.19	0.001	14	0.00809579242071333
11.2	0.001	14	0.0080843589584237
11.21	0.001	14	0.00807293969030042
11.22	0.001	14	0.0080615346017646
11.23	0.001	14	0.00805014367824785
11.24	0.001	14	0.00803876690519242
11.25	0.001	14	0.00802740426805101
11.26	0.001	14	0.0080160557522869
11.27	0.001	14	0.00800472134337391
11.28	0.001	14	0.00799340102679637
11.29	0.001	14	0.00798209478804917
11.3	0.001	14	0.00797080261263771
11.31	0.001	14	0.00795952448607791
11.32	0.001	14	0.00794826039389628
11.33	0.001	14	0.00793701032162979
11.34	0.001	14	0.00792577425482597
11.35	0.001	14	0.00791455217904286
11.36	0.001	14	0.00790334407984904
11.37	0.001	14	0.00789214994282357
11.38	0.001	14	0.00788096975355609
11.39	0.001	14	0.00786980349764672
11.4	0.001	14	0.00785865116070611
11.41	0.001	14	0.00784751272835541
11.42	0.001	14	0.00783638818622627
11.43	0.001	14	0.00782527751996091
11.44	0.001	14	0.007814180715212
11.45	0.001	14	0.00780309775764275
11.46	0.001	14	0.00779202863292689
11.47	0.001	14	0.00778097332674859
11.48	0.001	14	0.00776993182480259
11.49	0.001	14	0.00775890411279411
11.5	0.001	14	0.00774789017643887
11.51	0.001	14	0.00773689000146308
11.52	0.001	14	0.00772590357360347
11.53	0.001	14	0.00771493087860722
11.54	0.001	14	0.00770397190223205
11.55	0.001	14	0.00769302663024615
11.56	0.001	14	0.00768209504842819
11.57	0.001	14	0.00767117714256737
11.58	0.001	14	0.00766027289846334
11.59	0.001	14	0.00764938230192621
11.6	0.001	14	0.00763850533877664
11.61	0.001	14	0.00762764199484572
11.62	0.001	14	0.00761679225597504
11.63	0.001	14	0.00760595610801665
11.64	0.001	14	0.00759513353683311
11.65	0.001	14	0.00758432452829742
11.66	0.001	14	0.00757352906829306
11.67	0.001	14	0.00756274714271397
11.68	0.463828722331272	14	0.00758589235673139
11.69	0.601701431875821	14	0.0075958602836176
11.7	0.93953544679947	14	0.00764758094652627
11.71	1.1134761477582	14	0.00769548105885698
11.72	1.42045378058512	14	0.0078131611006004
11.73	1.51122419273937	14	0.00784628126739361
11.74	1.56800131493001	14	0.00786427277746217
11.75	1.60259115096493	14	0.00787146002542988
11.76	2.32337203423477	14	0.0082148697669851
11.77	2.4816391691149	14	0.00831165331072905
11.78	2.52793683732114	14	0.0083313984115085
11.79	2.5414398200594	14	0.00833980470266517
11.8	2.58251504350208	14	0.00837039162101083
11.81	2.73147549548046	14	0.00848379743418973
11.82	2.76108662666702	14	0.00849802892748191
11.83	2.82149792207488	14	0.00854615267921603
11.84	2.84106269191666	14	0.00857253896748736
11.85	2.85762217878538	14	0.00859672277438467
11.86	2.99897587047632	14	0.00869917644572156
11.87	3.02504755084332	14	0.00871619652523047
11.88	3.07484189935404	14	0.00875973474395341
11.89	3.35290946463848	14	0.00893519671878859
11.9	3.43127988623729	14	0.00902364208320961
11.91	3.45600086417674	14	0.00904411649473743
11.92	3.49861826495026	14	0.00908823419539471
11.93	3.57265380842954	14	0.00916333165806901
11.94	3.6007353091121	14	0.00918194245393657
11.95	3.67125805241456	14	0.00924784798100517
11.96	3.69438654365722	14	0.00926166081161345
11.97	3.73908500603984	14	0.00929995541797285
11.98	3.77246969614513	14	0.00932588488459311
11.99	3.82995499819448	14	0.0093620137454286
12	3.86016465268381	14	0.00938675790295105
12.01	3.88894374381329	14	0.00941094638625932
12.02	3.9037254596532	14	0.00942197957320339
12.03	4.59174198213242	14	0.0099937930784023
12.04	4.65117278646304	14	0.0100453901406081
12.05	4.89303763379519	14	0.0103384686243159
12.06	4.90589237421878	14	0.0103595834843381
12.07	4.94850876074155	14	0.0104070546431728
12.08	9.104128983835	14	0.0152528595835504
12.09	4.97146039338564	14	0.01045756238687
12.1	4.97872853598949	14	0.0104697776118182
12.11	5.01627512231743	14	0.0105114472762687
12.12	5.08699407935754	14	0.0106323237784979
12.13	5.10369865827164	14	0.0106554712713208
12.14	5.19183195232832	14	0.0107873054112424
12.15	5.47902635607972	14	0.0110077974885425
12.16	5.49700578236732	14	0.0110321694907876
12.17	5.523248	14	0.01107486
12.18	6.83361291302437	14	0.012636444798222
12.19	7.01971172406538	14	0.0128448438085864
12.2	0.001	15	0.00681913118276961
12.21	0.001	15	0.00680905738373429
12.22	0.001	15	0.00679899673339905
12.23	0.001	15	0.00678894921741753
12.24	0.001	15	0.00677891482145471
12.25	0.001	15	0.00676889353118699
12.26	0.001	15	0.00675888533230209
12.27	0.001	15	0.00674889021049912
12.28	0.001	15	0.00673890815148852
12.29	0.001	15	0.00672893914099215
12.3	0.001	15	0.00671898316474317
12.31	0.001	15	0.0067090402084861
12.32	0.001	15	0.00669911025797684
12.33	0.001	15	0.0066891932989826
12.34	0.001	15	0.00667928931728196
12.35	0.001	15	0.00666939829866482
12.36	0.001	15	0.00665952022893245
12.37	0.001	15	0.00664965509389741
12.38	0.001	15	0.00663980287938365
12.39	0.001	15	0.00662996357122639
12.4	0.001	15	0.00662013715527222
12.41	0.001	15	0.00661032361737902
12.42	0.001	15	0.00660052294341603
12.43	0.001	15	0.00659073511926376
12.44	0.001	15	0.00658096013081409
12.45	0.001	15	0.00657119796397016
12.46	0.001	15	0.00656144860464645
12.47	0.001	15	0.00655171203876874
12.48	0.001	15	0.00654198825227408
12.49	0.001	15	0.00653227723111089
12.5	0.001	15	0.00652257896123882
12.51	0.001	15	0.00651289342862886
12.52	0.001	15	0.00650322061926324
12.53	0.001	15	0.00649356051913553
12.54	0.001	15	0.00648391311425055
12.55	0.001	15	0.00647427839062442
12.56	0.001	15	0.00646465633428452
12.57	0.001	15	0.00645504693126954
12.58	0.001	15	0.00644545016762939
12.59	0.001	15	0.0064358660294253
12.6	0.001	15	0.00642629450272973
12.61	0.001	15	0.00641673557362643
12.62	0.643408126026164	15	0.0064722503782663
12.63	0.807871422325251	15	0.00650030025089406
12.64	0.865705963343914	15	0.00650596868539917
12.65	0.924658325922472	15	0.00651302430935932
12.66	0.977791170535887	15	0.00651937798428923
12.67	1.85027217378791	15	0.00680787229888841
12.68	2.06611157097196	15	0.0068933343418191
12.69	2.09609261159255	15	0.00690947079022404
12.7	2.15982067711548	15	0.00694202632902696
12.71	2.18835449745665	15	0.00696100312865921
12.72	2.21394012465647	15	0.00698161242515323
12.73	2.34381528885432	15	0.00705767981464108
12.74	2.37037042778179	15	0.00707029514553485
12.75	2.40789978669693	15	0.00709393610808718
12.76	2.43603998553808	15	0.00710659243683761
12.77	2.47896546881678	15	0.00713382669312168
12.78	2.56519881820889	15	0.00720066629129322
12.79	2.61934808445878	15	0.00724027821722345
12.8	2.66686435365639	15	0.00727466729463883
12.81	2.70568532710995	15	0.00730150795353219
12.82	2.90121818446681	15	0.00737538544968155
12.83	2.99624371954068	15	0.00745722584098712
12.84	3.0275193044172	15	0.00748187556122299
12.85	3.1045403858289	15	0.00755899967137061
12.86	3.14095841653836	15	0.00759086343148647
12.87	3.17738792272336	15	0.00762031144780401
12.88	3.27603686684702	15	0.00768535268619917
12.89	3.31867482813866	15	0.00772311838906473
12.9	3.33732685763929	15	0.00772930413203593
12.91	3.35351021312257	15	0.00773604815120811
12.92	3.38276769820909	15	0.00775707278386039
12.93	3.3897023084294	15	0.00776040958855462
12.94	3.48994989127461	15	0.00785327563142018
12.95	3.51067806039649	15	0.00786564949624099
12.96	3.52856262860033	15	0.00787498934022232
12.97	3.57320758578135	15	0.00788224519240897
12.98	3.61880686924249	15	0.00793121457335262
12.99	3.64044379601481	15	0.00794051231111184
13	4.11284098498472	15	0.00825337809419251
13.01	3.66851520356483	15	0.00795835815959811
13.02	3.73713885120714	15	0.00799364381000105
13.03	4.37155799361601	15	0.00850593689615938
13.04	4.37979240996322	15	0.00852734210081797
13.05	4.57670550870717	15	0.00873541397576217
13.06	4.58398346305281	15	0.00874736134533848
13.07	4.59145158387294	15	0.00875933276728674
13.08	4.59900363208888	15	0.00877131834097772
13.09	4.60643315226758	15	0.00878329977746629
13.1	4.61553064678648	15	0.00879544059265355
13.11	4.63379298554585	15	0.00882076627614022
13.12	4.65494897996901	15	0.00885153033251242
13.13	4.67688693058806	15	0.00888340204263381
13.14	4.6887891433695	15	0.0088960988357655
13.15	4.97729150223853	15	0.00916858341094913
13.16	4.99577041274668	15	0.00918435423445694
13.17	5.0262591746089	15	0.0092082149710807
13.18	5.5200981438968	15	0.00971125562305547
13.19	5.10691579384656	15	0.00931200923451206
13.2	5.11375215755774	15	0.00931466603309995
13.21	5.75961449832343	15	0.00995123897443065
13.22	5.14949654012541	15	0.00936606986166309
13.23	6.14410757435524	15	0.0103851270070587
13.24	6.14748730452427	15	0.0103970978997271
13.25	6.15085976456789	15	0.0104090762102075
13.26	6.28513541129577	15	0.0105271361165183
13.27	7.60468152961757	15	0.0120808683231912
13.28	7.85820126307729	15	0.0123214657923462
13.29	8.12504416975716	15	0.0125539560683014
13.3	8.31450528585549	15	0.0127330077953964
13.31	8.32452461849214	15	0.0127516801624186
13.32	8.33577727657244	15	0.0127736653989366
13.33	8.3470255792785	15	0.0127956585446649
13.34	8.35826807831747	15	0.0128176556388291
13.35	8.36741628272844	15	0.0128340642611434
13.36	8.3762200280471	15	0.0128495638856922
13.37	8.62974633412725	15	0.0131504815760709
13.38	8.63607036610043	15	0.0131649624880444
13.39	8.64239271212378	15	0.0131794501266569
13.4	8.8105307070977	15	0.0134044983412423
13.41	8.81857809707421	15	0.0134204851955314
13.42	8.82662321834388	15	0.013436477573257
13.43	8.88470741334029	15	0.0134944081242004
13.44	9.12694960279223	15	0.01370021079871
13.45	9.13755716729896	15	0.0137169053586154
13.46	9.43536939306054	15	0.0139853578203739
13.47	9.46836023210225	15	0.0140218971448176
13.48	9.47706391347	15	0.0140372476583991
13.49	1.26425468285864	16	0.00564019978794008
13.5	1.38653721165558	16	0.00567655305333047
13.51	1.46571991139534	16	0.00570086019850347
13.52	1.65141575310473	16	0.00574672218861568
13.53	1.74216399911181	16	0.00578966941519575
13.54	1.8066159724463	16	0.00581918009990498
13.55	1.84642056088085	16	0.00583896498119787
13.56	1.92170352844042	16	0.00587353041741478
13.57	1.9637480543671	16	0.00589170939540106
13.58	2.00705362048948	16	0.00591196141528346
13.59	2.05305390491234	16	0.00593476187611893
13.6	2.10282479145807	16	0.00595902648597465
13.61	2.15876761899482	16	0.00598558836036718
13.62	2.21285987111299	16	0.0060119507182115
13.63	2.25012727665312	16	0.00603311302698301
13.64	2.26340906916193	16	0.00604382055728384
13.65	2.30420614595896	16	0.0060690766246084
13.66	2.54569788576683	16	0.00616955962038045
13.67	2.60195955005493	16	0.00620614324626706
13.68	2.63432436443117	16	0.0062238204322878
13.69	2.6662693799148	16	0.00624146541171384
13.7	2.74214182742829	16	0.00630465482435806
13.71	2.79700592262186	16	0.00635024371230552
13.72	2.81776346406168	16	0.00636216725098421
13.73	2.87840010214065	16	0.00640486377341772
13.74	2.9574796220343	16	0.00645293702259552
13.75	2.98155551970839	16	0.0064660657394325
13.76	3.00002708471356	16	0.00647178449026885
13.77	3.06135962925727	16	0.00650124369610305
13.78	3.06510726020653	16	0.0065102830244897
13.79	3.10952123831659	16	0.00655079692258902
13.8	3.15303331589665	16	0.00658037654786495
13.81	3.16578980621315	16	0.00658837060335564
13.82	3.21355737784202	16	0.00660163706159846
13.83	3.29003317000369	16	0.00664138404821023
13.84	3.29763863453395	16	0.00664913550185962
13.85	3.30522135626365	16	0.00665689200658382
13.86	3.3127811171577	16	0.00666465266312685
13.87	3.6682614488771	16	0.00683140051381208
13.88	3.69763625475487	16	0.00684611539399813
13.89	3.76202691120065	16	0.00691447243800878
13.9	3.79661930478784	16	0.00694767320582999
13.91	3.9807572423892	16	0.00709520475631109
13.92	4.0131385163853	16	0.00711809801582148
13.93	4.0724136226319	16	0.00715796482570454
13.94	4.08688914053044	16	0.00719861215700011
13.95	4.15485843119141	16	0.00725133899324963
13.96	4.1692914414672	16	0.00726655938515843
13.97	4.2616824618131	16	0.00735882430627111
13.98	4.28454493407321	16	0.00740731035425944
13.99	4.30736992938815	16	0.00741855506894543
14	4.32085809671812	16	0.00743799979554208
14.01	4.32339016470763	16	0.00744823618232312
14.02	4.33480687501582	16	0.00747619010495925
14.03	4.34446182595484	16	0.00748549516502625
14.04	4.35244227293981	16	0.00749494038286284
14.05	4.3553319058159	16	0.00750482488385621
14.06	4.36013091959679	16	0.00751455243302686
14.07	4.64240207376655	16	0.00773825794328912
14.08	4.66273591824127	16	0.00776206374885541
14.09	4.66680852477738	16	0.00777266266075296
14.1	4.68029895562271	16	0.00777974926491483
14.11	5.00715324291947	16	0.00807008731862948
14.12	5.03837216772039	16	0.00810226913783794
14.13	5.11281922796097	16	0.00817635093430162
14.14	4.76279662249251	16	0.00787443456165518
14.15	5.2882701984865	16	0.00833780902837846
14.16	5.36521297923636	16	0.0084076281882425
14.17	5.468567884971	16	0.00849209033780238
14.18	5.47327829632231	16	0.00850433621564086
14.19	5.47798453366604	16	0.00851659008811757
14.2	5.52732083500093	16	0.00856410572265346
14.21	5.56669126417202	16	0.00859829267305484
14.22	5.58458680411554	16	0.00861644847693955
14.23	5.74466723917359	16	0.00877973482423123
14.24	5.84883921424846	16	0.00890996978669262
14.25	5.8568275101034	16	0.00891973521513049
14.26	5.86638265786903	16	0.00893631223116357
14.27	5.87713314187186	16	0.00895921193852641
14.28	5.90210063343691	16	0.00899508551321772
14.29	6.22293405022732	16	0.0092937715705266
14.3	6.29735656451407	16	0.0093474977464335
14.31	6.33419193078262	16	0.00938027012483524
14.32	6.05508042833252	16	0.00913292245017431
14.33	6.75829453554686	16	0.00982849665237295
14.34	6.76981279464336	16	0.00984319379630256
14.35	7.29489921457915	16	0.0104305830675022
14.36	7.29741245023484	16	0.0104422226331845
14.37	7.30261168438739	16	0.0104534462319662
14.38	7.68081902148884	16	0.0107694784669331
14.39	7.68843415845777	16	0.010782088261923
14.4	7.6960450313133	16	0.0107946997852291
14.41	7.7040580930491	16	0.0108083740823563
14.42	7.71749822835101	16	0.0108362416549631
14.43	7.72693518415403	16	0.0108536748256001
14.44	7.75644529753018	16	0.010904980888806
14.45	7.78206699307415	16	0.0109330784332454
14.46	7.96487289563673	16	0.0111107634067325
14.47	7.97151531264042	16	0.0111263893875985
14.48	7.97815545700734	16	0.0111420239527784
14.49	7.99297574185252	16	0.0111785015221971
14.5	8.018042515167	16	0.0111987856487966
14.51	8.050085947207	16	0.0112276483024058
14.52	8.07719814218038	16	0.0112504448049476
14.53	8.10386266168673	16	0.0112729978707379
14.54	8.33581514897154	16	0.0115070362931468
14.55	8.38545283515658	16	0.0115605533662491
14.56	8.51719834616043	16	0.0117177294462047
14.57	8.42637806463806	16	0.0116181585373406
14.58	8.68795960465589	16	0.0118749658825671
14.59	8.69784589732696	16	0.0118877908206
14.6	8.71165723413043	16	0.0119089119942608
14.61	9.10064106150044	16	0.0121996425813323
14.62	14.6550384547708	16	0.0166016235942115
14.63	17.9415638118406	16	0.0184997748171344
14.64	15.4769799535888	16	0.0172020396936464
14.65	15.4873547057635	16	0.0172120633790237
14.66	18.0620986814188	16	0.0185776031874315
14.67	15.5085093998668	16	0.0172327128206878
14.68	15.5187410712479	16	0.0172425257600709
14.69	15.5289714604362	16	0.017252337390577
14.7	15.5391549051315	16	0.017262170744812
14.71	15.5493880808573	16	0.0172722302295522
14.72	15.5744844364585	16	0.017304492100538
14.73	15.6029277581061	16	0.0173417298632179
14.74	15.6216167666859	16	0.0173643928997626
14.75	15.8034864909447	16	0.017496356070468
14.76	3.82926058388948	17	0.00609922549679814
14.77	3.84554055504257	17	0.00611624648904793
14.78	3.94938319937447	17	0.0061883943063048
14.79	3.95917370915205	17	0.00620259613871206
14.8	3.96781777871287	17	0.0062140373636419
14.81	3.97644035143257	17	0.00622548580970774
14.82	4.0152724577982	17	0.00627216171269902
14.83	4.05099222598232	17	0.00631041578984217
14.84	4.06218202729704	17	0.00632395520830223
14.85	4.06707176310921	17	0.00633346807406068
14.86	4.07232110620224	17	0.00634421841411624
14.87	4.08078245353182	17	0.00635612309077627
14.88	4.09116089741389	17	0.00636872401493302
14.89	4.10910680713419	17	0.00639083003296691
14.9	4.33275342242459	17	0.00657080706491136
14.91	4.35014495570577	17	0.00658677692123863
14.92	4.35867696119717	17	0.0065923503859246
14.93	4.370158902701	17	0.0066028670698594
14.94	4.38296790073551	17	0.00661417178721209
14.95	4.3964582334047	17	0.00662950031495034
14.96	4.41174329757848	17	0.00664641659417795
14.97	4.42744835304509	17	0.00666410551804459
14.98	4.74264621032231	17	0.00690955973805552
14.99	4.79874644403063	17	0.00695787480137556
15	4.81323708138192	17	0.00696408575358777
15.01	4.90603729335538	17	0.00702295301894318
15.02	4.91339990308167	17	0.00702818143845347
15.03	5.12335802789458	17	0.0071972996033597
15.04	5.12844105269908	17	0.00721043486584803
15.05	5.16969311963496	17	0.00726624721092308
15.06	5.17410627888777	17	0.00727618224861844
15.07	5.17847157446056	17	0.00728612058800314
15.08	5.20886270803281	17	0.00731215127044003
15.09	5.24279569901583	17	0.00733794202497111
15.1	5.26550600207177	17	0.00735516819817382
15.11	5.32835901109835	17	0.00741362074067589
15.12	5.40247886982647	17	0.00747541895709598
15.13	5.41536941490208	17	0.00749170103797574
15.14	5.43726666903438	17	0.00750867929194645
15.15	5.44926396372924	17	0.00752281186792488
15.16	5.46350064715409	17	0.00754559241746241
15.17	5.54402590966071	17	0.00765098254479113
15.18	5.63449806703501	17	0.00773199471734973
15.19	5.64972523983496	17	0.00775058772971772
15.2	5.69045926689339	17	0.0077827244933146
15.21	5.84494018666846	17	0.00789817731750822
15.22	5.86558496793781	17	0.00791230185018364
15.23	6.02185100031934	17	0.0080615297384
15.24	6.03228232795374	17	0.00807943132217454
15.25	6.04700753875137	17	0.00809044220738829
15.26	6.15668189060232	17	0.00818033134907675
15.27	6.26806700360869	17	0.00829416479637544
15.28	6.28918910567127	17	0.00832048137988069
15.29	6.31861564433884	17	0.00836101824358786
15.3	6.49015039715516	17	0.00851464094811823
15.31	6.82360693485141	17	0.00882903714280446
15.32	6.8263524409758	17	0.00884149737434464
15.33	6.82909791127668	17	0.00885397176074289
15.34	6.83184190889964	17	0.00886645273803842
15.35	6.83458549301511	17	0.00887894587464179
15.36	6.83732895538671	17	0.00889145270934556
15.37	7.15200827284861	17	0.00917716175869757
15.38	7.18017977629893	17	0.00924200832256808
15.39	7.18745412733804	17	0.00925396116724156
15.4	7.19410340737685	17	0.00926434044738576
15.41	7.21826833087737	17	0.00929127741236224
15.42	7.22958169522023	17	0.00929888980095203
15.43	7.38865018759522	17	0.00941311671692727
15.44	7.39396382352826	17	0.00942449028167656
15.45	7.3992754174205	17	0.00943587011362909
15.46	7.40451042589512	17	0.00944725332270643
15.47	7.4097364422071	17	0.0094586428192726
15.48	7.41496121081348	17	0.00947004053527123
15.49	7.4369762727976	17	0.00950290582895429
15.5	7.47484043802242	17	0.00953959497865664
15.51	7.52627401069566	17	0.00959449025161465
15.52	7.53244080373584	17	0.00960580414269
15.53	7.55391161316141	17	0.00963836424323429
15.54	7.75112470142488	17	0.00979569653086147
15.55	7.76671206893291	17	0.00982456774025674
15.56	7.77820509823013	17	0.00984409927553233
15.57	7.85644990743462	17	0.00991211342239204
15.58	7.87746136832899	17	0.00993330948541625
15.59	8.0170115232701	17	0.0100566663595478
15.6	8.02621589029214	17	0.0100684870263812
15.61	8.04223637330331	17	0.0100945386575357
15.62	8.42669776902612	17	0.0103850602370535
15.63	8.49500201473026	17	0.0104318688636658
15.64	8.51256160628758	17	0.0104425255773187
15.65	8.57090794252576	17	0.010509634364535
15.66	8.6043614255411	17	0.0105379256865808
15.67	8.62381641334216	17	0.0105541606701761
15.68	8.66039777358062	17	0.0105972480839381
15.69	8.68928053553763	17	0.0106294274151293
15.7	8.70925027060143	17	0.0106489752215476
15.71	8.73393785488112	17	0.0106752111952138
15.72	9.00899324588163	17	0.0108528742348569
15.73	9.01973758668067	17	0.0108754173385211
15.74	9.02909877306788	17	0.0108944576162091
15.75	9.0838758868544	17	0.0109312988944355
15.76	9.09605113028262	17	0.0109490620331312
15.77	9.56605133222697	17	0.0112508851611891
15.78	9.62221298304294	17	0.011303389566243
15.79	11.0107389616449	17	0.0122758359558512
15.8	11.2787251897547	17	0.0125269406903908
15.81	11.2887684390138	17	0.0125414547029345
15.82	11.2988120778306	17	0.0125559736791174
15.83	11.3088549492729	17	0.0125704953631086
15.84	11.6830224648745	17	0.012820116214489
15.85	11.691538332363	17	0.0128196937095948
15.86	11.7716480971078	17	0.0128910064980353
15.87	12.0538524109732	17	0.0131642618302311
15.88	11.8225898739106	17	0.01296062738306
15.89	12.1230744133936	17	0.0132144880602326
15.9	12.1391457095636	17	0.0132210168244868
15.91	12.1928334283468	17	0.0132236082532019
15.92	12.2045303664944	17	0.0132330504768327
15.93	12.2262806233097	17	0.013256651289173
15.94	12.2993470186038	17	0.0133431437013716
15.95	12.3330719141715	17	0.0133788450948464
15.96	12.3628118459471	17	0.0134115213520448
15.97	12.3908719808812	17	0.0134419205720132
15.98	12.4223067306238	17	0.0134768165138045
15.99	12.4520622191224	17	0.0135094358491658
16	12.5617868021027	17	0.013619285925092
16.01	12.6246002371277	17	0.0136747344848243
16.02	13.7574967401439	17	0.0144775079596833
16.03	12.8086689031966	17	0.0138178185951
16.04	12.8310145144307	17	0.0138421159936509
16.05	13.3077120559055	17	0.0141981770361931
16.06	15.9039539524446	17	0.0157047698266435
16.07	15.9121284064755	17	0.0157046247136182
16.08	13.8369525280487	17	0.0145696189352401
16.09	13.8514078163556	17	0.0145868281235776
16.1	13.864831564784	17	0.0146024512487872
16.11	13.877482640701	17	0.0146168868759744
16.12	13.8890506389556	17	0.0146296595691943
16.13	16.0733301189824	17	0.0158121775322862
16.14	17.3823427229238	17	0.0163108059676138
16.15	17.4732576298602	17	0.016381079723621
16.16	17.4952785763841	17	0.0163987899133872
16.17	17.51730765801	17	0.0164164959261393
16.18	17.6865667544738	17	0.0165189831438209
16.19	17.8642860783345	17	0.0166005941894363
16.2	17.9729799877875	17	0.0166408829452146
16.21	17.9825408835667	17	0.0166508120150028
16.22	17.9987275416011	17	0.0166693645888178
16.23	18.7925097227375	17	0.0170302503915367
16.24	18.8390755562891	17	0.0170629443241076
16.25	18.8722778109433	17	0.0170843486668537
16.26	18.8996738904555	17	0.0171008507140782
16.27	6.66211362517224	18	0.00778005113409814
16.28	6.6707148797756	18	0.007795125239584
16.29	6.67900123923604	18	0.00780945593290347
16.3	6.68789980291017	18	0.0078252982507418
16.31	6.6996987109585	18	0.00784823639280178
16.32	6.78725086232439	18	0.00793580590197745
16.33	6.8957855378907	18	0.00801467124511875
16.34	6.90159621267575	18	0.00802765489866857
16.35	6.90740487541108	18	0.00804064913415282
16.36	6.91321142646358	18	0.00805365362764281
16.37	6.92288379761599	18	0.00807836601087687
16.38	6.92888749447817	18	0.00809201101490692
16.39	6.94305600361256	18	0.00810510522156894
16.4	6.96519309554433	18	0.00812313800115722
16.41	6.99764150584807	18	0.00815349718756609
16.42	7.01798921181883	18	0.00818323361248927
16.43	7.02539917144534	18	0.00819012953057688
16.44	7.10229223214901	18	0.0082513894584094
16.45	7.23102287011651	18	0.00838336066215777
16.46	7.26802163568698	18	0.00840727625973023
16.47	7.28544798189829	18	0.00842378303172768
16.48	7.30436558325516	18	0.00844239729733935
16.49	7.34461369588489	18	0.00849101030999142
16.5	7.44390886215946	18	0.00855999410926169
16.51	7.45661947693624	18	0.00857854831291023
16.52	7.46666484108153	18	0.00859242511039606
16.53	7.47670599172764	18	0.00860630735383141
16.54	7.54783886658573	18	0.00866555492580432
16.55	7.88838539584737	18	0.00890729157042863
16.56	7.90857368864736	18	0.00892219762099089
16.57	7.95005136944772	18	0.00896235420827372
16.58	7.97652679995068	18	0.00899163621971795
16.59	7.99733835127041	18	0.00901298917482718
16.6	8.02942069991738	18	0.00905016772282326
16.61	8.04567523559029	18	0.0090651470589774
16.62	8.05596395518767	18	0.0090717575068799
16.63	8.07726197926999	18	0.00909382910928097
16.64	8.09417072299113	18	0.00910974528766453
16.65	8.11165595851739	18	0.00912647744121427
16.66	8.13067956286948	18	0.00914537726160457
16.67	8.35560628712086	18	0.00927980564415693
16.68	8.61407034549556	18	0.00945256248079886
16.69	8.63442109253944	18	0.00945158976249041
16.7	8.66977563126747	18	0.00948202006076404
16.71	8.70500369413177	18	0.0095259655126691
16.72	8.80906393096118	18	0.00958055222556846
16.73	8.82586934668739	18	0.00959081600741832
16.74	8.85485203689278	18	0.00961460724938786
16.75	8.86809195522437	18	0.00962090551070212
16.76	8.91156919154788	18	0.0096574148722654
16.77	8.97345539750404	18	0.00969142270071962
16.78	9.23223291349248	18	0.00985730901772889
16.79	9.31902394366257	18	0.00990664724540542
16.8	9.58203339829076	18	0.0100914597955097
16.81	9.61685126857936	18	0.0101168371975526
16.82	9.71480765317835	18	0.0101941524988743
16.83	9.78628541013865	18	0.0102349236363574
16.84	9.81616356927171	18	0.0102579471932207
16.85	10.0484382537268	18	0.0104246551798694
16.86	10.072275218858	18	0.0104331048125158
16.87	10.1173416899802	18	0.0104562515712361
16.88	10.2418851291048	18	0.0105339053359811
16.89	10.3041732020062	18	0.0106021989146016
16.9	10.3182868922871	18	0.0106252958463045
16.91	10.3257996968442	18	0.0106355215247231
16.92	10.335033757793	18	0.010649111413954
16.93	10.3466610826604	18	0.0106673792422763
16.94	10.3520840279268	18	0.0106734448958178
16.95	10.3612722863564	18	0.0106766695680299
16.96	10.3776008672791	18	0.0106885062398681
16.97	10.5514506887593	18	0.0107858461940386
16.98	10.6289031957648	18	0.0108382209936881
16.99	10.6860511981345	18	0.0108790415961947
17	10.6987458080474	18	0.0108923340744429
17.01	10.7846826247855	18	0.0109878629913511
17.02	10.7969060031831	18	0.0110059760863877
17.03	10.8091284848546	18	0.0110240931773336
17.04	10.9770128215828	18	0.011131582164517
17.05	10.9908289497072	18	0.011142438662824
17.06	11.0177495415985	18	0.0111727306977475
17.07	11.0333493296231	18	0.0111876592944154
17.08	11.0504183619442	18	0.011204605372009
17.09	11.0645519008553	18	0.0112175142056702
17.1	11.0801540901647	18	0.0112324396520755
17.11	11.0957572664018	18	0.0112473642530975
17.12	11.1113608686883	18	0.0112622872128942
17.13	11.1393259974456	18	0.0112944060293698
17.14	11.1447811465315	18	0.011295498669253
17.15	11.1897994180065	18	0.0113323322879252
17.16	11.2150407923833	18	0.0113477125793589
17.17	11.2357394854481	18	0.0113587830206734
17.18	11.3545856755223	18	0.0114741128858931
17.19	11.3646550838234	18	0.011481524263602
17.2	11.3747228833542	18	0.0114889347707944
17.21	11.3924190798968	18	0.0115070437989406
17.22	11.4277647499544	18	0.0115501000960824
17.23	11.6385708294398	18	0.0117103949139101
17.24	11.6462998463229	18	0.0117219458600361
17.25	11.6540281852076	18	0.0117334997074815
17.26	11.940359431735	18	0.0119306391407995
17.27	11.675837543156	18	0.0117689122489453
17.28	11.9721584832203	18	0.0119532308314975
17.29	11.9796368796217	18	0.0119647028405439
17.3	11.9871151247837	18	0.0119761786741729
17.31	11.9945935251662	18	0.0119876589227326
17.32	12.0020711535029	18	0.011999141782219
17.33	12.3060047167169	18	0.0122005517606786
17.34	12.3304222584963	18	0.012213019593538
17.35	12.3548417918892	18	0.0122254746502321
17.36	12.3701485056065	18	0.0122300759032558
17.37	12.391557912477	18	0.0122411376534283
17.38	12.5150501706905	18	0.0123504721123018
17.39	12.5224484405337	18	0.0123575760210336
17.4	12.6998006707543	18	0.0124975383940417
17.41	12.7204604795402	18	0.0125231824877164
17.42	12.7393844095992	18	0.0125462522858128
17.43	12.7530774264611	18	0.0125615804737627
17.44	12.7641603452207	18	0.0125730478841383
17.45	12.7810013588861	18	0.0125846972497741
17.46	12.8249385186806	18	0.0126190347031999
17.47	15.1135576111177	18	0.0138303735908955
17.48	15.2509420334011	18	0.0138790300573334
17.49	15.2876860457972	18	0.0139012391137576
17.5	14.4202333256938	18	0.013434211745095
17.51	15.7453887911303	18	0.0141654158634895
17.52	15.763994264936	18	0.0141815520579856
17.53	15.779384206955	18	0.0141940625615079
17.54	15.7947773406978	18	0.0142065726100039
17.55	15.8101724012289	18	0.0142190807772338
17.56	16.0642466963478	18	0.0143446304173007
17.57	16.1256654912567	18	0.0143651711802018
17.58	16.1419887625153	18	0.0143751929243514
17.59	16.1896638054923	18	0.0144156680325615
17.6	16.2088606051672	18	0.0144284502328046
17.61	16.2280620516216	18	0.0144412286091883
17.62	16.3243035034626	18	0.0144864562989711
17.63	17.4620570306996	18	0.014820639255191
17.64	17.5782388357219	18	0.0148626316752419
17.65	17.6005430775068	18	0.014868448330081
17.66	17.6120576656748	18	0.0148767677357725
17.67	17.6220044433272	18	0.0148834405670955
17.68	18.1067679515939	18	0.0150579706567269
17.69	18.8630040658989	18	0.0153705483605507
17.7	19.0740179669646	18	0.0154426363478691
17.71	19.0960270933064	18	0.0154543921540926
17.72	19.1273671604002	18	0.0154734233976266
17.73	8.85996759250532	19	0.00860403803647426
17.74	8.88751110959712	19	0.00862366737457657
17.75	8.98334338645676	19	0.00871110401310734
17.76	9.0025461878968	19	0.0087212924692039
17.77	9.0205382955622	19	0.00873233060277004
17.78	9.04240453336862	19	0.00874606070500428
17.79	9.05835255224827	19	0.00875398162474464
17.8	9.07419263368264	19	0.0087619099127457
17.81	9.09797560203245	19	0.00877773614410659
17.82	9.29464734585875	19	0.00891785899824177
17.83	9.39400163963182	19	0.0089827697472811
17.84	9.41165730829748	19	0.00899690567384457
17.85	9.43133308945422	19	0.00901344398553701
17.86	9.46180119245841	19	0.00904281977283257
17.87	9.53052320220308	19	0.00910050657660977
17.88	9.53680865918362	19	0.00910855399200039
17.89	9.62336741868689	19	0.00917552876860549
17.9	9.66603521435082	19	0.00918722372052628
17.91	9.71032565786821	19	0.00921575944323972
17.92	9.72428935174235	19	0.00922976082384057
17.93	9.74088723215796	19	0.00924456837075002
17.94	9.7505240009275	19	0.00925060908012956
17.95	9.82289591832307	19	0.00930483266388654
17.96	9.84553189869396	19	0.0093113898175072
17.97	9.85655838717861	19	0.00932246608074419
17.98	9.91175258009401	19	0.00936778411773672
17.99	9.92905645446148	19	0.00939560805502019
18	9.93716265104304	19	0.00940659067917189
18.01	10.0568216058274	19	0.00948191465013223
18.02	10.0748302236525	19	0.00948956538688495
18.03	10.0854118509422	19	0.00949828269937113
18.04	10.0959719335145	19	0.00950700113018187
18.05	10.1206637702259	19	0.00953549094029773
18.06	10.1355639743196	19	0.00955037373498105
18.07	10.1504633312104	19	0.00956525617602669
18.08	10.1653627634466	19	0.0095801395104763
18.09	10.1802619361799	19	0.00959502323839063
18.1	10.19514283204	19	0.00960990729670765
18.11	10.2078336616324	19	0.00962189740759526
18.12	10.2194564032193	19	0.00963038777003811
18.13	10.2547585023863	19	0.00965708388106866
18.14	10.2672730178237	19	0.00966164532266134
18.15	10.2804325093781	19	0.00966683242318095
18.16	10.3080933048014	19	0.00968607305199604
18.17	10.3337636502255	19	0.00970462130690337
18.18	10.3583885937294	19	0.00972280125724564
18.19	10.3774963270603	19	0.00973910369040936
18.2	10.4121774433437	19	0.00978162614533401
18.21	10.4269285226551	19	0.00979643264268109
18.22	10.4409845997439	19	0.00981053100732218
18.23	10.4553204679874	19	0.0098252230932129
18.24	10.4682389889919	19	0.00983791105516944
18.25	10.481865734472	19	0.00985160199498922
18.26	10.4934562446874	19	0.00986653087711027
18.27	10.5027181007309	19	0.00988107416339743
18.28	10.5099892660409	19	0.00989178544245359
18.29	10.5165505262371	19	0.00990113258302902
18.3	10.5885587684526	19	0.00997195535883026
18.31	10.6137164932484	19	0.00998700937594659
18.32	10.6234642137203	19	0.00998260012567147
18.33	10.6341364191422	19	0.00998987662776908
18.34	10.6425058375662	19	0.00999781890872178
18.35	10.6539534173557	19	0.0100105019883429
18.36	10.6667102851991	19	0.0100252031561473
18.37	10.7700451078994	19	0.0101351125054647
18.38	10.7977954091792	19	0.010155660633469
18.39	10.8228459460234	19	0.010173486769658
18.4	10.8326644602819	19	0.01017604011
18.41	10.8424781019351	19	0.0101785912159402
18.42	11.2746940521202	19	0.0104736856942044
18.43	10.9125101544447	19	0.0102371217730255
18.44	10.930663067303	19	0.0102493519018398
18.45	11.4179502547731	19	0.0105408884897328
18.46	11.4590575568892	19	0.0105691705502478
18.47	11.4727784085323	19	0.0105876395595785
18.48	11.4845857915954	19	0.010593384035214
18.49	11.4970940104923	19	0.0105988490265968
18.5	11.5113210711635	19	0.0106060460476511
18.51	11.5311001763944	19	0.0106192053865841
18.52	11.5508816191275	19	0.0106323584895865
18.53	11.5706652633778	19	0.0106455051975918
18.54	12.0817999350865	19	0.0109397595460547
18.55	12.1029103444187	19	0.0109426248137355
18.56	12.4270844448486	19	0.0110824950169844
18.57	12.4374256756578	19	0.0110964197864447
18.58	12.5954812470296	19	0.0112368004890692
18.59	12.6145113067132	19	0.0112568014554155
18.6	12.6267936402631	19	0.0112680168990479
18.61	12.6549766381764	19	0.0112999145169808
18.62	12.6651848458903	19	0.0113084269080363
18.63	12.7216974890447	19	0.0113170008427702
18.64	12.7262730612442	19	0.0113179412216269
18.65	12.7630801671478	19	0.0113597433985124
18.66	13.3813330746042	19	0.0116997148800357
18.67	13.3940455655061	19	0.0117031148543613
18.68	13.6351157404905	19	0.0118264351315947
18.69	13.842620230787	19	0.0119322235505654
18.7	13.8605582087117	19	0.0119396231264632
18.71	13.878496423426	19	0.0119470171247514
18.72	13.8964343982286	19	0.0119544051636907
18.73	13.9143733106137	19	0.011961788206478
18.74	13.9460713588001	19	0.0119653817526316
18.75	13.9676906405415	19	0.0119682184837368
18.76	13.9819800480046	19	0.0119736672129929
18.77	14.003801114187	19	0.0119855577314841
18.78	14.0384737847525	19	0.0120086384957525
18.79	14.1991795244451	19	0.0121241157628301
18.8	14.221478919898	19	0.0121454950497509
18.81	14.2340804660489	19	0.0121556813246395
18.82	14.2506996194491	19	0.0121655797657528
18.83	14.2725057656251	19	0.0121751043870775
18.84	14.2930046883947	19	0.0121847161104
18.85	14.40655491535	19	0.0122268686479795
18.86	14.4100542724664	19	0.0122300307486794
18.87	15.8747482623612	19	0.0128989504963283
18.88	16.6166071996183	19	0.0131174876084347
18.89	16.6452026197307	19	0.0131274513352463
18.9	16.6738484622244	19	0.0131374288122921
18.91	16.7121127318081	19	0.0131536264141946
18.92	16.7496351711915	19	0.013169693687908
18.93	16.7799783505296	19	0.0131812682450873
18.94	16.8065514480767	19	0.0131904841334296
18.95	16.8650546791097	19	0.0132194519568573
18.96	16.8999754297761	19	0.0132337712038966
18.97	16.9216145075777	19	0.0132421017273357
18.98	16.9328774612357	19	0.0132471225209974
18.99	16.9441370714416	19	0.0132521406560007
19	16.955433517028	19	0.0132571910706589
19.01	17.1107369173007	19	0.0133244778739849
19.02	17.1329146498041	19	0.0133302324701546
19.03	17.1726432718977	19	0.0133463500612697
19.04	17.3302125512318	19	0.0134076566109445
19.05	17.3991139009657	19	0.013427654012551
19.06	17.6211662158639	19	0.0134815755259406
19.07	17.6421768799298	19	0.0134942632604755
19.08	17.9190939726982	19	0.0135326538476842
19.09	17.9752315826748	19	0.0135626210699414
19.1	26.8477502975201	19	0.0156710628123138
19.11	22.0641447969643	19	0.0147946928651029
19.12	27.0936362391616	19	0.0157253054801018
19.13	27.133859415096	19	0.0157304953334953
19.14	27.172827508747	19	0.0157370398877984
19.15	27.206475985665	19	0.01574182731613
19.16	27.2428055641491	19	0.0157474846481847
19.17	27.5223010008931	19	0.0158322302714652
19.18	27.5713635689713	19	0.0158418684017412
19.19	29.1388244052873	19	0.0161344137640613
19.2	31.6538228411205	19	0.0164690210778294
19.21	35.568098160223	19	0.0170140558981383
19.22	35.9665973946713	19	0.0170990297239467
19.23	45.6630805353438	19	0.0184602365153534
19.24	45.7090741435221	19	0.018466905208844
19.25	45.7550834672941	19	0.0184735697129098
19.26	54.6021499579599	19	0.0193166021922106
19.27	54.7596585651365	19	0.0193284880334916
19.28	54.8793463390435	19	0.019336186531328
19.29	55.0302907385524	19	0.0193472565143771
19.3	55.3962730410135	19	0.0193815170453354
19.31	55.6941195740132	19	0.0194081408017093
19.32	57.316701120313	19	0.0195192176536629
19.33	57.7549633760836	19	0.0195447387039056
19.34	57.9625737898072	19	0.019555716414239
19.35	48.405073336207	19	0.0187634657524716
19.36	48.4416537358083	19	0.0187693675775378
19.37	48.4782366940304	19	0.0187752663138693
19.38	48.5148231505827	19	0.0187811621637669
19.39	48.5514122422444	19	0.0187870549538036
19.4	48.588005593881	19	0.0187929450282554
19.41	48.6351576446568	19	0.0188010236231973
19.42	48.7049188952265	19	0.0188137805437519
19.43	48.7747488828767	19	0.0188265298954712
19.44	48.8446477063563	19	0.0188392716929252
19.45	48.9146149528113	19	0.018852005845167
19.46	49.0154415054724	19	0.0188710649540486
19.47	49.1997353646487	19	0.0189071703246465
19.48	49.4534198368268	19	0.0189572153424479
19.49	10.5532246031466	20	0.00911525201699408
19.5	10.5613277249365	20	0.00911933336510187
19.51	10.6091744757642	20	0.00915477575106304
19.52	10.6195812661162	20	0.0091683676213741
19.53	10.6264865776535	20	0.00917623143626854
19.54	10.6359136531751	20	0.00918342498615128
19.55	11.237610826853	20	0.00949166379148149
19.56	11.1011529578428	20	0.00944645850564024
19.57	11.2633302428874	20	0.00950304566339226
19.58	11.419081637049	20	0.0095583602414431
19.59	11.4798200208305	20	0.00957986420095011
19.6	11.4941909848874	20	0.00959420377574636
19.61	11.5060025087829	20	0.00960545132705177
19.62	11.5132605317485	20	0.00961087175660876
19.63	11.52051555256	20	0.00961629041499284
19.64	11.5277685904884	20	0.00962170865975128
19.65	11.5350183028474	20	0.00962712470118803
19.66	11.5422656565219	20	0.00963253982693689
19.67	11.6390886794953	20	0.00970407572850898
19.68	12.0559099320451	20	0.00996099220385544
19.69	12.0708302345439	20	0.00997164565624211
19.7	12.0802595454365	20	0.00997649768202106
19.71	12.0896187237018	20	0.00998137993864615
19.72	12.0981743338765	20	0.0099853889201138
19.73	12.1083278661501	20	0.00999113798871825
19.74	12.2707574434918	20	0.0100507434696687
19.75	12.2997953301808	20	0.0100699896690461
19.76	12.3314641057044	20	0.0100915318362757
19.77	12.5831919597194	20	0.010186277934183
19.78	12.6399969561043	20	0.0102284306637433
19.79	12.6563707084804	20	0.0102360091669442
19.8	12.67274389258	20	0.0102435827596399
19.81	12.7619896271744	20	0.0103040103357395
19.82	12.7808654065161	20	0.0103148847479237
19.83	12.8469593839423	20	0.0103698197377669
19.84	12.8590120518699	20	0.0103750485884105
19.85	12.9124884177208	20	0.0104180581883537
19.86	12.9439534856066	20	0.0104407473190992
19.87	12.9648565385378	20	0.0104498644287971
19.88	12.9866346446907	20	0.0104582830389525
19.89	13.0047857383881	20	0.010466985961608
19.9	13.0229386558646	20	0.0104756840195417
19.91	13.0344769229393	20	0.0104788746742934
19.92	13.0624837942708	20	0.0104928001944732
19.93	13.1011889196353	20	0.0105073943412175
19.94	13.1220018672393	20	0.0105112870602465
19.95	13.1443941029474	20	0.0105165598139868
19.96	13.1959285326414	20	0.0105489070148329
19.97	13.2056599236459	20	0.0105546898710217
19.98	13.8449423205451	20	0.0108257912287825
19.99	13.3465074738942	20	0.0106245214587648
20	13.9132668008633	20	0.0108442832194902
20.01	14.1137629974518	20	0.0109378339928013
20.02	14.1343077395048	20	0.0109406629720059
20.03	14.1548511750498	20	0.0109434873619784
20.04	14.4958200250118	20	0.011075055379991
20.05	15.1529456599939	20	0.011373542652462
20.06	15.1754834547452	20	0.0113902823378589
20.07	15.2014629620948	20	0.0114102179671627
20.08	15.3952107533238	20	0.0115117257376847
20.09	15.5850940394493	20	0.0115923157845928
20.1	15.684817843221	20	0.0116302582508935
20.11	15.7593004502256	20	0.0116578163300231
20.12	15.7993964071366	20	0.0116667190030966
20.13	15.8316873952088	20	0.0116758749861177
20.14	15.868847577642	20	0.0116848481792914
20.15	15.9060293744446	20	0.0116938053870192
20.16	15.9432324061032	20	0.0117027464664478
20.17	16.2216620101064	20	0.0118056700903874
20.18	16.249561350167	20	0.0118195476824604
20.19	16.267617101631	20	0.0118264766773619
20.2	16.3532755006961	20	0.0118581115121804
20.21	16.4097740828018	20	0.0118747678373549
20.22	16.4705483341692	20	0.0118939786653263
20.23	16.5388596270847	20	0.011923502627877
20.24	16.5489139460893	20	0.0119303187026044
20.25	16.5590440298669	20	0.0119374024918822
20.26	16.5707923899877	20	0.011946066334889
20.27	16.5832139856902	20	0.0119553865733911
20.28	16.5983561322408	20	0.0119673596107586
20.29	16.6135016140478	20	0.0119793329415148
20.3	16.6286512286066	20	0.0119913073384575
20.31	16.643804729051	20	0.0120032825556835
20.32	16.6846895182066	20	0.0120239743638195
20.33	16.7025581665506	20	0.0120377545777374
20.34	16.7157396834086	20	0.0120471183434681
20.35	16.7289220932348	20	0.0120564817435998
20.36	18.2114545456463	20	0.0123143581799047
20.37	18.2372483701765	20	0.0123264082873146
20.38	18.2523414083983	20	0.0123316981290895
20.39	18.2871242705961	20	0.0123503434129881
20.4	18.3882429473545	20	0.0123686504484909
20.41	18.4100414134524	20	0.0123803141412561
20.42	18.4258195852921	20	0.0123916000445285
20.43	18.4434391503561	20	0.0124044686740485
20.44	18.4610656377249	20	0.0124173386000466
20.45	18.4786979850112	20	0.0124302089006387
20.46	18.899948018148	20	0.0125436368131249
20.47	18.9198013577027	20	0.0125554063006045
20.48	18.9396612696532	20	0.0125671740801649
20.49	19.0121893575746	20	0.0126185695171873
20.5	20.8204676928846	20	0.0130055088362583
20.51	21.1641855510599	20	0.0130657095043962
20.52	21.2052906255066	20	0.0130809425573081
20.53	21.2463070519581	20	0.0130961439012754
20.54	21.2873557795532	20	0.0131113311050157
20.55	21.3284373491377	20	0.0131265044389059
20.56	21.3695509122631	20	0.0131416634877027
20.57	21.6656809598621	20	0.0132545311861584
20.58	23.6441080788444	20	0.013672803843148
20.59	23.6689252446597	20	0.0136770563281964
20.6	23.7094781801059	20	0.0136874836641427
20.61	23.8203900351058	20	0.0137254197711212
20.62	23.8515872963845	20	0.0137320248255305
20.63	23.9753525506942	20	0.013746293400903
20.64	24.1411107780247	20	0.0137825840956304
20.65	24.1868420427868	20	0.0137942623561021
20.66	24.2326113237795	20	0.0138059279038951
20.67	24.2794978881709	20	0.013817985517639
20.68	24.3346675475137	20	0.0138331143567817
20.69	24.9709353853613	20	0.0139066762550648
20.7	24.993808611355	20	0.01391055521837
20.71	25.0116095731395	20	0.0139124707260819
20.72	25.0614054177233	20	0.0139267376647022
20.73	25.0982900159513	20	0.0139359992644213
20.74	25.1416797024224	20	0.0139477469716863
20.75	25.5192108442808	20	0.0140266554375314
20.76	25.5695213857189	20	0.0140409851965918
20.77	25.6198790088084	20	0.0140553000900431
20.78	25.6696960142516	20	0.0140695386334735
20.79	25.7132159333355	20	0.0140814074707472
20.8	25.7471639804851	20	0.0140896060830301
20.81	25.7811271779077	20	0.0140977983925752
20.82	26.0475325816242	20	0.0141460698783347
20.83	26.4478377992836	20	0.0141795812630221
20.84	26.5018173733884	20	0.0141763928074983
20.85	26.5721464961922	20	0.0141895020079843
20.86	26.6367441868257	20	0.0142017814846541
20.87	26.8175292983497	20	0.0142337087600417
20.88	26.8421722213873	20	0.0142429367657379
20.89	27.1701871971722	20	0.014306599672807
20.9	27.2246184526087	20	0.0143129879111899
20.91	27.269097381876	20	0.0143172710869178
20.92	27.3136014016333	20	0.0143215480205474
20.93	27.6752980034806	20	0.0143997950353629
20.94	27.8598992478035	20	0.0144356302164727
20.95	27.9074944010705	20	0.0144398828040512
20.96	28.0066102556988	20	0.0144564667599543
20.97	28.1142629801454	20	0.0144749567973981
20.98	30.9504498378562	20	0.014951326647408
20.99	31.0050149873594	20	0.0149666000118313
21	31.0519017168722	20	0.0149808227677071
21.01	31.0958234529431	20	0.0149905154131389
21.02	31.2633514311054	20	0.0150184846253375
21.03	31.272734677022	20	0.0150162188404136
21.04	31.2821087765197	20	0.0150139543712305
21.05	31.2914741650451	20	0.0150116913345534
21.06	31.5607158243466	20	0.0150796095648243
21.07	31.6500652043801	20	0.0150987910748981
21.08	31.7180359764549	20	0.0151121973067361
21.09	31.7840994008653	20	0.0151252831045731
21.1	31.8203124491906	20	0.0151303143004625
21.11	31.8565365295757	20	0.0151353413586826
21.12	31.8927707321231	20	0.0151403640459277
21.13	31.9290161400689	20	0.0151453826637538
21.14	31.965271095726	20	0.0151503967792682
21.15	32.0015369126936	20	0.0151554067553441
21.16	32.0829742423007	20	0.015172448658842
21.17	32.1207335012472	20	0.0151778267063958
21.18	32.2126762927247	20	0.0151975729573679
21.19	32.3557754684125	20	0.015230745616227
21.2	32.4992204181409	20	0.0152638192633997
21.21	32.8796112698072	20	0.0153252431587198
21.22	32.9190670762534	20	0.0153219229893703
21.23	33.0585756533054	20	0.0153305046825746
21.24	33.1105459103131	20	0.0153424855889789
21.25	33.1419122832322	20	0.0153531984759785
21.26	33.2538515467861	20	0.0153906614112779
21.27	33.5201779581053	20	0.0154125795752892
21.28	33.5839894816856	20	0.0154231853516651
21.29	33.7934173885016	20	0.0154686747542943
21.3	33.8679209304113	20	0.0154806398860527
21.31	34.0925406416116	20	0.0155158432395439
21.32	34.2281480720212	20	0.0155346324586061
21.33	34.418919768631	20	0.0155643853976364
21.34	34.6952835831687	20	0.0156097876969006
21.35	34.7604702037888	20	0.0156157811373659
21.36	34.9859525550943	20	0.015651241314853
21.37	35.1084763485128	20	0.0156645360129892
21.38	35.2030121483581	20	0.015676808325621
21.39	35.2975026583656	20	0.0156890503237419
21.4	35.459756768343	20	0.0157114169576811
21.41	35.6259044165958	20	0.0157343059732511
21.42	36.1108951301788	20	0.0158119501843514
21.43	36.2774396742115	20	0.0158351741139918
21.44	36.3611037019688	20	0.0158438090784878
21.45	36.4483810130888	20	0.0158530384399785
21.46	36.513582525021	20	0.0158584031915755
21.47	36.6348595425829	20	0.0158619941627222
21.48	36.6740068743707	20	0.0158700864219563
21.49	36.7202276271362	20	0.0158748789785751
21.5	37.0110516565917	20	0.0159162034306157
21.51	37.107119842749	20	0.0159267198444976
21.52	37.1765886851756	20	0.0159326692291047
21.53	37.2086631926743	20	0.0159322488521092
21.54	37.3962099763798	20	0.0159581496362229
21.55	37.4928699690673	20	0.0159685867477501
21.56	37.5896785284235	20	0.0159790042041614
21.57	37.6288636281855	20	0.0159797336835978
21.58	37.6554651983561	20	0.015980266677043
21.59	37.6706026048434	20	0.0159831874005895
21.6	37.6857300951971	20	0.015986106075337
21.61	37.8175370891998	20	0.0159864379638486
21.62	38.1955943398996	20	0.0160391732693109
21.63	38.2410256036039	20	0.0160406784721753
21.64	38.3167319548	20	0.0160470768353613
21.65	38.3773636996232	20	0.0160510208415511
21.66	38.4835591359773	20	0.0160622847985068
21.67	38.6120426257583	20	0.0160770666545644
21.68	38.8117731077761	20	0.0161031125157832
21.69	39.6848756387227	20	0.0162340700440461
21.7	39.8199276256577	20	0.0162490857500544
21.71	40.110323670842	20	0.0162877131427556
21.72	40.2123938338366	20	0.0162974629699977
21.73	40.3146245454134	20	0.016307194813959
21.74	40.4167958221967	20	0.0163168755572454
21.75	40.6393836872262	20	0.0163445587450811
21.76	40.8505019292084	20	0.0163762404682841
21.77	40.9293685055738	20	0.0163868564093422
21.78	40.9761261081311	20	0.0163914212499518
21.79	41.0229006911137	20	0.016395982275778
21.8	41.0747084454024	20	0.0164014780477607
21.81	46.0357973333652	20	0.0168685172202665
21.82	46.1738879712539	20	0.0168842198141225
21.83	66.4159122027048	20	0.0182022504158738
21.84	66.5569854542543	20	0.0182144275689713
21.85	66.6974131870421	20	0.0182265019099753
21.86	66.7833019064103	20	0.0182330037528813
21.87	66.8679278321688	20	0.0182393664181544
21.88	66.9552912642377	20	0.0182459955065781
21.89	72.6332233970713	20	0.0183851453807311
21.9	82.5961749977327	20	0.0185957135569358
21.91	82.8061136643036	20	0.018603488007266
21.92	82.938312158629	20	0.0186069576628715
21.93	83.0706402992991	20	0.0186104236785748
21.94	83.3639744141232	20	0.0186226762300979
21.95	83.6593891710928	20	0.0186349675368407
21.96	83.8900008417542	20	0.018643682383515
21.97	84.2528589511478	20	0.0186594686697578
21.98	84.5509202532312	20	0.0186716787185189
21.99	84.8498694085514	20	0.018683861869337
22	85.009780132232	20	0.0186886048336284
