psi	res
40	-0.00378790614540203
40	-0.00234290614540211
40	-0.00244890614540205
40	-0.00282190614540212
40	-0.00128190614540202
40	-0.0013039061454021
40	-0.00163890614540207
40	-0.00109890614540209
40	-0.0014929061454021
40	-0.000922906145402025
41	-0.00360790614540207
41	-0.00208790614540211
41	-0.00229290614540212
41	-0.00264990614540206
41	-0.0011069061454021
41	-0.000976906145402023
41	-0.00138990614540213
41	-0.000878906145402092
41	-0.00121090614540209
41	-0.000605906145402124
42	-0.00336490614540208
42	-0.00194790614540208
42	-0.00217390614540203
42	-0.00253190614540211
42	-0.000923906145402054
42	-0.000890906145402104
42	-0.00115190614540206
42	-0.000642906145402078
42	-0.00111290614540205
42	-0.000315906145402112
43	-0.00314490614540208
43	-0.00180790614540205
43	-0.00201690614540206
43	-0.00246090614540206
43	-0.000693906145402101
43	-0.000676906145402056
43	-0.00101990614540204
43	-0.000568906145402059
43	-0.000840906145402109
43	-8.99061454020522e-05
44	-0.00301490614540212
44	-0.00175590614540211
44	-0.00187390614540206
44	-0.00239590614540208
44	-0.000591906145402055
44	-0.000482906145402029
44	-0.000855906145402097
44	-0.000469906145402099
44	-0.000799906145402041
44	3.80938545979648e-05
45	-0.00290890614540207
45	-0.0015509061454021
45	-0.00168890614540207
45	-0.00229090614540206
45	-0.000403906145402089
45	-0.000324906145402037
45	-0.000631906145402095
45	-0.000388906145402101
45	-0.000612906145402103
45	0.000115093854597959
46	-0.00272190614540213
46	-0.00145190614540203
46	-0.00152890614540213
46	-0.00224790614540205
46	-0.000224906145402048
46	-0.000179906145402087
46	-0.000513906145402032
46	-0.000219906145402127
46	-0.000454906145402112
46	0.000204093854597964
47	-0.00252990614540205
47	-0.00134090614540205
47	-0.00139090614540205
47	-0.00209890614540209
47	-0.000161906145402124
47	-1.59061454020337e-05
47	-0.000358906145402127
47	-3.8906145402029e-05
47	-0.000285906145402026
47	0.000331093854597952
48	-0.00247090614540213
48	-0.00125190614540205
48	-0.00127390614540213
48	-0.0019679061454021
48	-8.79061454021057e-05
48	0.000108093854597868
48	-0.000261906145402113
48	0.000181093854597969
48	-0.000125906145402088
48	0.000454093854597937
49	-0.0023619061454021
49	-0.00108790614540211
49	-0.00120190614540205
49	-0.00184890614540212
49	-9.90614540208323e-06
49	0.000178093854597883
49	-9.0906145402081e-05
49	0.000321093854597887
49	-4.6906145402037e-05
49	0.000643093854597931
50	-0.00220790614540212
50	-0.000966906145402069
50	-0.00109290614540203
50	-0.00181090614540202
50	9.10938545979345e-05
50	0.000295093854597916
50	2.60938545979528e-05
50	0.000430093854597913
50	5.50938545978985e-05
50	0.000799093854597976
51	-0.00212290614540211
51	-0.000832906145402101
51	-0.000971906145402102
51	-0.00166990614540208
51	0.000241093854597918
51	0.000480093854597907
51	0.000124093854597884
51	0.000515093854597914
51	0.000187093854597919
51	0.000900093854597883
52	-0.00201090614540211
52	-0.000692906145402072
52	-0.000937906145402123
52	-0.00155190614540213
52	0.00033209385459787
52	0.000589093854597933
52	0.000156093854597916
52	0.000655093854597943
52	0.000335093854597956
52	0.000950093854597878
53	-0.00193790614540212
53	-0.000611906145402075
53	-0.000814906145402028
53	-0.00148090614540208
53	0.000479093854597878
53	0.000641093854597874
53	0.000252093854597901
53	0.000758093854597908
53	0.000434093854597917
53	0.00104809385459792
54	-0.00183390614540213
54	-0.000522906145402069
54	-0.000690906145402126
54	-0.00136990614540211
54	0.000553093854597897
54	0.000696093854597901
54	0.000357093854597923
54	0.000819093854597885
54	0.000569093854597913
54	0.0010550938545979
55	-0.00178590614540208
55	-0.000423906145402109
55	-0.000583906145402047
55	-0.00128190614540202
55	0.000684093854597889
55	0.000855093854597921
55	0.000383093854597893
55	0.000906093854597945
55	0.000753093854597875
55	0.00115509385459789
56	-0.00171590614540207
56	-0.000340906145402053
56	-0.00053590614540211
56	-0.00115390614540212
56	0.000755093854597932
56	0.000901093854597912
56	0.000484093854597911
56	0.00101209385459788
56	0.000861093854597872
56	0.00126409385459791
57	-0.00159090614540203
57	-0.000293906145402034
57	-0.000498906145402045
57	-0.00108090614540213
57	0.000890093854597929
57	0.000989093854597889
57	0.000581093854597925
57	0.00102709385459787
57	0.000948093854597931
57	0.00137509385459789
58	-0.00146390614540204
58	-0.000208906145402032
58	-0.000485906145402115
58	-0.00107490614540207
58	0.0010010938545979
58	0.00101109385459797
58	0.000609093854597953
58	0.0010820938545979
58	0.00101409385459794
58	0.00148509385459794
59	-0.0013849061454021
59	-0.000105906145402068
59	-0.000436906145402038
59	-0.000956906145402114
59	0.00109109385459794
59	0.00106209385459788
59	0.000699093854597876
59	0.00113009385459795
59	0.00107509385459792
59	0.00155609385459787
60	-0.00125890614540203
60	-4.79061454020657e-05
60	-0.000409906145402039
60	-0.000844906145402113
60	0.00116609385459787
60	0.00109009385459791
60	0.000724093854597929
60	0.00116609385459787
60	0.00107709385459798
60	0.00156109385459791
61	-0.00115390614540212
61	4.9093854597948e-05
61	-0.000347906145402033
61	-0.000863906145402105
61	0.00121809385459792
61	0.00114809385459791
61	0.000791093854597968
61	0.00129309385459797
61	0.00113109385459798
61	0.00161809385459788
62	-0.00109090614540208
62	8.00938545979513e-05
62	-0.000277906145402129
62	-0.000815906145402057
62	0.00125809385459796
62	0.00115209385459791
62	0.000842093854597881
62	0.00135309385459792
62	0.00121409385459792
62	0.00167409385459794
63	-0.00100890614540206
63	0.000100093854597971
63	-0.000213906145402065
63	-0.000748906145402128
63	0.00127609385459793
63	0.00113709385459793
63	0.000887093854597953
63	0.00141209385459795
63	0.00128509385459796
63	0.00177409385459792
64	-0.000907906145402038
64	0.000137093854597925
64	-0.000101906145402064
64	-0.000646906145402082
64	0.00137709385459794
64	0.00119109385459792
64	0.000916093854597899
64	0.00151009385459788
64	0.00130309385459793
64	0.00184709385459791
65	-0.000841906145402027
65	0.000174093854597879
65	-3.0906145402132e-05
65	-0.000526906145402073
65	0.00140409385459794
65	0.00122309385459796
65	0.000968093854597951
65	0.00164909385459788
65	0.00132009385459797
65	0.00190809385459789
66	-0.000809906145402106
66	0.000163093854597895
66	7.00938545978858e-05
66	-0.000518906145402065
66	0.00142209385459791
66	0.00130809385459796
66	0.0010590938545979
66	0.00173509385459791
66	0.00137609385459792
66	0.00198309385459794
67	-0.000769906145402066
67	0.000196093854597956
67	0.00013409385459795
67	-0.000452906145402054
67	0.00145809385459794
67	0.00141709385459787
67	0.00112709385459797
67	0.00176209385459791
67	0.0013870938545979
67	0.00199509385459795
68	-0.000746906145402071
68	0.000208093854597968
68	0.000165093854597953
68	-0.000397906145402027
68	0.00145309385459791
68	0.00145809385459794
68	0.00112509385459791
68	0.00185109385459792
68	0.00150409385459793
68	0.00204609385459797
69	-0.000781906145402078
69	0.000210093854597915
69	0.000222093854597927
69	-0.000367906145402053
69	0.00151809385459789
69	0.00141109385459792
69	0.00121109385459794
69	0.00187209385459797
69	0.00154109385459789
69	0.00216009385459792
70	-0.000710906145402035
70	0.000232093854597881
70	0.000284093854597933
70	-0.000353906145402094
70	0.0015260938545979
70	0.00143309385459789
70	0.00127609385459793
70	0.00196209385459789
70	0.00161209385459793
70	0.00214809385459791
71	-0.000690906145402126
71	0.0003060938545979
71	0.00033909385459796
71	-0.000306906145402075
71	0.00153209385459796
71	0.00155109385459795
71	0.00137909385459789
71	0.00198109385459788
71	0.00162209385459788
71	0.00220709385459794
72	-0.000657906145402065
72	0.000308093854597957
72	0.000378093854597972
72	-0.000255906145402052
72	0.00156209385459793
72	0.00151009385459788
72	0.00139609385459794
72	0.00202509385459793
72	0.00165509385459794
72	0.00222409385459788
73	-0.000636906145402127
73	0.000317093854597883
73	0.000431093854597941
73	-0.00025090614540213
73	0.00154709385459795
73	0.00159009385459796
73	0.00141609385459796
73	0.00200409385459788
73	0.00172909385459796
73	0.00226609385459797
74	-0.00060190614540212
74	0.000327093854597948
74	0.000460093854597887
74	-0.000195906145402103
74	0.00157709385459792
74	0.00165209385459797
74	0.00152209385459789
74	0.00202209385459795
74	0.00177509385459795
74	0.00240809385459795
75	-0.000573906145402092
75	0.000330093854597924
75	0.000435093854597945
75	-0.000181906145402033
75	0.00156409385459788
75	0.0017230938545979
75	0.00159909385459789
75	0.00204709385459789
75	0.00177809385459793
75	0.00247809385459796
76	-0.00053590614540211
76	0.000340093854597878
76	0.000467093854597866
76	-0.000177906145402029
76	0.00159309385459794
76	0.00174009385459795
76	0.00163709385459787
76	0.00207909385459792
76	0.00184509385459797
76	0.00248309385459788
77	-0.000520906145402122
77	0.000327093854597948
77	0.000528093854597955
77	-0.00015090614540203
77	0.00156309385459796
77	0.00182009385459792
77	0.00165909385459795
77	0.00210409385459798
77	0.00191409385459795
77	0.00246909385459793
78	-0.000493906145402123
78	0.000380093854597918
78	0.000539093854597938
78	-6.99061454020322e-05
78	0.00160909385459795
78	0.00181109385459788
78	0.00167109385459796
78	0.00210009385459797
78	0.0019390938545979
78	0.00248909385459795
79	-0.000474906145402132
79	0.000427093854597937
79	0.000552093854597868
79	-9.19061454021097e-05
79	0.00168309385459797
79	0.00181609385459791
79	0.00170909385459794
79	0.00212309385459797
79	0.00196009385459794
79	0.00260009385459792
80	-0.000440906145402042
80	0.000378093854597972
80	0.00060409385459792
80	-7.90614540202572e-06
80	0.0016960938545979
80	0.00183809385459788
80	0.00175609385459796
80	0.00217309385459796
80	0.00202209385459795
80	0.00262609385459789
81	-0.000458906145402116
81	0.000414093854597897
81	0.000596093854597912
81	1.7093854597916e-05
81	0.00169509385459787
81	0.00185709385459787
81	0.0017810938545979
81	0.00219909385459793
81	0.00207009385459789
81	0.0026420938545979
82	-0.000407906145402093
82	0.000451093854597961
82	0.000614093854597875
82	9.00938545979058e-05
82	0.0017460938545979
82	0.00187609385459797
82	0.00181909385459789
82	0.00225609385459791
82	0.00202509385459793
82	0.00267409385459794
83	-0.000336906145402049
83	0.000464093854597891
83	0.000614093854597875
83	0.000172093854597932
83	0.00176609385459792
83	0.00193809385459787
83	0.0018310938545979
83	0.00229609385459795
83	0.00203209385459791
83	0.0026650938545979
84	-0.000297906145402038
84	0.000493093854597948
84	0.000608093854597924
84	0.000201093854597878
84	0.00180709385459787
84	0.00194409385459793
84	0.00186309385459793
84	0.00232109385459789
84	0.00206809385459794
84	0.00271709385459795
85	-0.000299906145402096
85	0.000508093854597935
85	0.000645093854597878
85	0.000209093854597886
85	0.00182209385459797
85	0.0019970938545979
85	0.00188809385459787
85	0.00233109385459795
85	0.00209009385459791
85	0.00274409385459795
86	-0.000252906145402076
86	0.000523093854597922
86	0.000639093854597927
86	0.000254093854597959
86	0.0018620938545979
86	0.00205709385459796
86	0.00189709385459791
86	0.0023830938545979
86	0.00214409385459791
86	0.00276409385459797
87	-0.000213906145402065
87	0.000560093854597876
87	0.000654093854597915
87	0.000304093854597953
87	0.00189009385459793
87	0.00212809385459789
87	0.00192209385459796
87	0.00238909385459796
87	0.00213809385459796
87	0.00276709385459795
88	-0.000167906145402075
88	0.000562093854597934
88	0.000670093854597931
88	0.000328093854597977
88	0.0019120938545979
88	0.00209109385459794
88	0.00198909385459789
88	0.00239609385459794
88	0.00215009385459797
88	0.00279609385459789
89	-0.000196906145402131
89	0.000559093854597958
89	0.000672093854597877
89	0.000334093854597928
89	0.00193109385459789
89	0.00206709385459791
89	0.00205409385459787
89	0.00242509385459788
89	0.00218209385459789
89	0.0027810938545979
90	-0.000151906145402059
90	0.000607093854597895
90	0.000645093854597878
90	0.000340093854597878
90	0.00190809385459789
90	0.00210509385459789
90	0.00202609385459795
90	0.00243009385459791
90	0.00218709385459792
90	0.00279909385459787
